1.000000,0.000000,0.000000,0.000000,0.000000,0.000000,0.000000
1.000000,0.000000,0.000000,0.000000,0.000000,0.000000,0.000000
0.000000,0.250000,0.000000,0.250000,0.000000,0.250000,0.250000
0.393909,0.002757,0.000000,0.375194,0.095299,0.132840,0.000000
0.277754,0.259238,0.000000,0.185253,0.277754,0.000000,0.000000
0.238321,0.219739,0.065296,0.238321,0.000000,0.238321,0.000000
0.000000,0.000000,0.000000,1.000000,0.000000,0.000000,0.000000
0.000000,0.222008,0.000000,0.683643,0.000000,0.094349,0.000000
0.304524,0.000000,0.000000,0.153850,0.147202,0.304524,0.089899
0.115872,0.141256,0.247624,0.247624,0.000000,0.000000,0.247624
0.274600,0.000000,0.274600,0.000000,0.176199,0.000000,0.274600
0.000000,0.642603,0.003772,0.000000,0.000000,0.052834,0.300792
0.068185,0.465907,0.465907,0.000000,0.000000,0.000000,0.000000
0.303791,0.000000,0.303791,0.303791,0.000000,0.088626,0.000000
0.408861,0.000000,0.402075,0.000000,0.189065,0.000000,0.000000
0.805900,0.194100,0.000000,0.000000,0.000000,0.000000,0.000000
0.039358,0.243783,0.355146,0.000000,0.000000,0.006566,0.355146
0.000000,0.370939,0.258121,0.000000,0.370939,0.000000,0.000000
0.000000,0.162181,0.049400,0.235483,0.235483,0.129789,0.187664
0.014972,0.474936,0.135440,0.000000,0.374652,0.000000,0.000000
0.325300,0.000000,0.000000,0.090035,0.316217,0.268447,0.000000
0.219123,0.126174,0.000000,0.336362,0.000000,0.318341,0.000000
0.220225,0.125445,0.220225,0.220225,0.122664,0.000000,0.091217
0.000000,0.418330,0.000000,0.000000,0.092836,0.418330,0.070505
0.209167,0.209167,0.181663,0.209167,0.190837,0.000000,0.000000
0.215468,0.400913,0.000000,0.000000,0.383619,0.000000,0.000000
0.187857,0.123225,0.000000,0.000000,0.541931,0.012585,0.134402
0.500000,0.000000,0.000000,0.000000,0.000000,0.500000,0.000000
0.321122,0.321122,0.000000,0.000000,0.299773,0.057983,0.000000
0.000000,0.000000,0.000000,1.000000,0.000000,0.000000,0.000000
0.434934,0.002507,0.000000,0.434934,0.000000,0.127624,0.000000
0.333333,0.333333,0.333333,0.000000,0.000000,0.000000,0.000000
0.000000,0.000000,0.000000,0.000000,1.000000,0.000000,0.000000
0.330402,0.330402,0.008793,0.330402,0.000000,0.000000,0.000000
0.382830,0.441954,0.000000,0.000000,0.000000,0.000000,0.175216
0.255196,0.255196,0.203715,0.255196,0.030697,0.000000,0.000000
0.190000,0.259619,0.000000,0.215146,0.062015,0.273220,0.000000
0.239884,0.000000,0.000000,0.000000,0.350161,0.115339,0.294617
0.000000,0.333333,0.000000,0.000000,0.333333,0.333333,0.000000
0.410393,0.053061,0.410393,0.000000,0.000000,0.126153,0.000000
0.634381,0.073665,0.291954,0.000000,0.000000,0.000000,0.000000
0.198891,0.000000,0.000000,0.273171,0.303169,0.000000,0.224769
0.432586,0.000000,0.567414,0.000000,0.000000,0.000000,0.000000
0.000000,0.093850,0.168672,0.314112,0.109253,0.314112,0.000000
0.199133,0.237721,0.000000,0.000000,0.508164,0.054981,0.000000
0.010206,0.144546,0.211312,0.211312,0.211312,0.211312,0.000000
0.288916,0.288916,0.000000,0.133253,0.288916,0.000000,0.000000
0.167447,0.270512,0.000000,0.270512,0.069407,0.050347,0.171775
0.177772,0.000000,0.118943,0.310812,0.081660,0.310812,0.000000
0.464548,0.000000,0.000000,0.023283,0.000000,0.047620,0.464548
0.187563,0.319853,0.000000,0.000000,0.258563,0.234021,0.000000
0.000000,0.084452,0.491539,0.424009,0.000000,0.000000,0.000000
0.000000,0.737856,0.000000,0.000000,0.262144,0.000000,0.000000
0.376764,0.376764,0.000000,0.193516,0.000000,0.000000,0.052956
0.000000,0.085258,0.391734,0.523008,0.000000,0.000000,0.000000
0.465440,0.000000,0.000000,0.465440,0.000000,0.000000,0.069121
0.000000,0.056904,0.042713,0.348100,0.552283,0.000000,0.000000
0.191528,0.274863,0.218648,0.259047,0.000000,0.000000,0.055915
0.000000,0.000000,0.689890,0.310110,0.000000,0.000000,0.000000
0.568372,0.000000,0.000000,0.431628,0.000000,0.000000,0.000000
0.268061,0.000000,0.000000,0.000000,0.000000,0.731939,0.000000
0.257243,0.189398,0.257243,0.142522,0.000000,0.112503,0.041092
0.077843,0.215485,0.181793,0.215485,0.012783,0.215485,0.081125
0.091067,0.000000,0.000000,0.052016,0.000000,0.142890,0.714028
0.021745,0.201705,0.201705,0.013496,0.157937,0.201705,0.201705
0.000000,0.000000,0.436607,0.120490,0.425517,0.017387,0.000000
0.137468,0.188659,0.000000,0.303553,0.000000,0.066767,0.303553
0.000000,0.000000,0.000000,0.000000,0.554813,0.062985,0.382202
0.491626,0.264781,0.000000,0.000000,0.025263,0.000000,0.218329
0.350709,0.000000,0.000000,0.649291,0.000000,0.000000,0.000000
0.571134,0.000000,0.428866,0.000000,0.000000,0.000000,0.000000
0.291868,0.000000,0.000000,0.069498,0.000000,0.000000,0.638633
0.000000,0.000000,0.340437,0.000000,0.000000,0.000000,0.659564
0.053692,0.369984,0.000000,0.019575,0.305101,0.177279,0.074369
0.000000,0.284200,0.253443,0.462356,0.000000,0.000000,0.000000
0.000000,0.000000,0.196596,0.281020,0.000000,0.241363,0.281020
0.144970,0.000352,0.000000,0.026748,0.352464,0.364278,0.111187
0.201269,0.218564,0.000000,0.218564,0.179114,0.182489,0.000000
0.115764,0.003765,0.000000,0.231731,0.319040,0.329700,0.000000
0.265201,0.014287,0.265201,0.190109,0.265201,0.000000,0.000000
0.000000,0.350913,0.000000,0.000000,0.020447,0.628640,0.000000
0.231659,0.137673,0.000000,0.000000,0.372973,0.000000,0.257695
0.001158,0.000000,0.049582,0.000000,0.316420,0.316420,0.316420
0.000000,0.150378,0.000000,0.473879,0.000000,0.375744,0.000000
0.318658,0.103049,0.000000,0.010109,0.249526,0.000000,0.318658
0.000000,0.000000,0.000000,0.440872,0.000000,0.440872,0.118256
0.000000,0.390837,0.000000,0.056634,0.552529,0.000000,0.000000
0.030512,0.340963,0.340963,0.114207,0.000000,0.000000,0.173355
0.262139,0.334882,0.053323,0.048828,0.000000,0.300828,0.000000
0.000000,0.317192,0.383277,0.299531,0.000000,0.000000,0.000000
0.278232,0.278232,0.000000,0.000000,0.165305,0.278232,0.000000
0.109556,0.000000,0.000000,0.429130,0.429130,0.017351,0.014833
0.000000,0.000000,0.000000,1.000000,0.000000,0.000000,0.000000
0.308963,0.000000,0.000000,0.291565,0.399472,0.000000,0.000000
0.252165,0.252165,0.000000,0.243504,0.252165,0.000000,0.000000
0.196379,0.000000,0.000000,0.008942,0.370309,0.424370,0.000000
0.000000,0.274662,0.000000,0.000000,0.299337,0.126664,0.299337
0.275967,0.084970,0.277014,0.189495,0.168128,0.000000,0.004425
1.000000,0.000000,0.000000,0.000000,0.000000,0.000000,0.000000
0.000000,0.309397,0.292919,0.000000,0.309397,0.054331,0.033956
0.000000,0.030306,0.055207,0.288857,0.265167,0.288857,0.071607
0.265230,0.265230,0.265230,0.000000,0.041856,0.162454,0.000000
0.312917,0.254211,0.000000,0.119954,0.000000,0.312917,0.000000
0.260541,0.260541,0.000000,0.183591,0.260541,0.034787,0.000000
0.185483,0.000000,0.000000,0.302992,0.000000,0.314461,0.197063
0.847610,0.000000,0.000000,0.152390,0.000000,0.000000,0.000000
0.103884,0.448058,0.000000,0.000000,0.000000,0.448058,0.000000
0.000000,0.000000,0.308855,0.494056,0.000000,0.000000,0.197088
0.207510,0.252487,0.245847,0.000000,0.000000,0.242673,0.051483
0.305964,0.060093,0.157307,0.324081,0.152555,0.000000,0.000000
0.334087,0.240184,0.144959,0.000000,0.253754,0.000000,0.027016
0.000000,0.447019,0.000000,0.105962,0.000000,0.447019,0.000000
0.293416,0.293416,0.000000,0.217782,0.000000,0.195385,0.000000
0.075325,0.160269,0.000000,0.230190,0.297973,0.236243,0.000000
0.189368,0.167907,0.000000,0.000000,0.321363,0.321363,0.000000
0.000000,0.214629,0.083671,0.214629,0.125731,0.214629,0.146712
0.000000,0.300806,0.000000,0.387582,0.311612,0.000000,0.000000
0.000000,1.000000,0.000000,0.000000,0.000000,0.000000,0.000000
0.328737,0.328737,0.000000,0.087754,0.254773,0.000000,0.000000
0.000000,0.055011,0.000000,0.227321,0.524300,0.125310,0.068057
0.168576,0.345859,0.139705,0.000000,0.345859,0.000000,0.000000
0.217697,0.000000,0.030541,0.294265,0.294265,0.163231,0.000000
0.000000,0.000000,0.339827,0.320346,0.339827,0.000000,0.000000
0.331489,0.000000,0.324262,0.344249,0.000000,0.000000,0.000000
0.000000,0.251344,0.151254,0.294254,0.000000,0.294254,0.008894
0.236421,0.120595,0.000000,0.198704,0.000000,0.236421,0.207858
0.000000,0.000000,0.863291,0.136709,0.000000,0.000000,0.000000
0.000000,0.000000,0.346899,0.000000,0.000000,0.446545,0.206555
0.153797,0.000000,0.248293,0.248916,0.071273,0.210921,0.066800
0.000000,0.310913,0.034155,0.295172,0.310913,0.000000,0.048847
0.266251,0.201247,0.266251,0.000000,0.266251,0.000000,0.000000
0.000000,0.131408,0.000000,0.140031,0.490885,0.124823,0.112853
0.137067,0.187174,0.193920,0.304761,0.177078,0.000000,0.000000
0.000000,0.329708,0.238648,0.000000,0.008970,0.422674,0.000000
0.000000,0.000000,0.000000,0.000000,1.000000,0.000000,0.000000
0.022795,0.104883,0.276384,0.283190,0.000000,0.029557,0.283190
0.102567,0.354713,0.000000,0.114275,0.000000,0.428444,0.000000
0.000000,0.482151,0.000000,0.227342,0.065443,0.225064,0.000000
0.000000,0.529834,0.000000,0.000000,0.292796,0.177369,0.000000
0.000000,0.733446,0.000000,0.266554,0.000000,0.000000,0.000000
0.000000,0.154007,0.303892,0.000000,0.266136,0.275965,0.000000
0.200000,0.200000,0.200000,0.000000,0.200000,0.200000,0.000000
0.333333,0.000000,0.333333,0.333333,0.000000,0.000000,0.000000
0.216975,0.132099,0.216975,0.000000,0.216975,0.216975,0.000000
0.000000,0.352804,0.000000,0.352804,0.172954,0.121437,0.000000
0.202788,0.110377,0.202788,0.078473,0.202788,0.000000,0.202788
0.000000,0.000000,0.355314,0.289372,0.000000,0.355314,0.000000
0.000000,0.021646,0.182259,0.246833,0.075415,0.308407,0.165441
0.000000,0.000000,0.000000,0.428799,0.402828,0.000000,0.168374
0.111992,0.000000,0.367766,0.339250,0.000000,0.180992,0.000000
0.000000,0.897875,0.000000,0.000000,0.000000,0.102125,0.000000
0.000000,0.667424,0.000000,0.030180,0.000000,0.000000,0.302396
0.027052,0.000000,0.000000,0.263775,0.335434,0.373739,0.000000
0.419334,0.212689,0.043948,0.110742,0.213287,0.000000,0.000000
0.000000,0.149469,0.379535,0.118711,0.224478,0.000000,0.127807
0.194305,0.194305,0.180766,0.081851,0.194305,0.154467,0.000000
0.247776,0.376112,0.000000,0.000000,0.000000,0.376112,0.000000
0.052853,0.000000,0.333649,0.000000,0.346119,0.267379,0.000000
0.000000,0.426277,0.000000,0.000000,0.000000,0.573723,0.000000
0.283427,0.064676,0.233265,0.016722,0.283427,0.118484,0.000000
0.709140,0.089820,0.000000,0.049906,0.000000,0.151133,0.000000
0.213490,0.262170,0.262170,0.000000,0.000000,0.262170,0.000000
0.345079,0.056155,0.000000,0.062082,0.106359,0.310013,0.120312
0.217458,0.128041,0.000000,0.000000,0.165950,0.176377,0.312173
0.259221,0.000000,0.000000,0.283759,0.000000,0.457020,0.000000
0.098643,0.266885,0.000000,0.266192,0.121681,0.246600,0.000000
0.253938,0.000000,0.000000,0.253938,0.238186,0.000000,0.253938
0.588913,0.000000,0.000000,0.000000,0.354093,0.056994,0.000000
0.000000,0.000000,0.978460,0.000000,0.000000,0.000000,0.021540
0.000000,0.022748,0.488626,0.488626,0.000000,0.000000,0.000000
0.000000,0.241997,0.212376,0.000000,0.208303,0.087128,0.250197
0.000000,0.346766,0.000000,0.245140,0.211702,0.196391,0.000000
0.295434,0.295434,0.200547,0.208585,0.000000,0.000000,0.000000
0.000000,0.640092,0.000000,0.359908,0.000000,0.000000,0.000000
0.436042,0.048274,0.000000,0.435131,0.000000,0.000000,0.080554
0.000000,0.421757,0.487381,0.090862,0.000000,0.000000,0.000000
0.493374,0.291126,0.000000,0.177524,0.000000,0.037977,0.000000
0.426430,0.000000,0.000000,0.000000,0.417669,0.155900,0.000000
0.556014,0.016096,0.000000,0.427890,0.000000,0.000000,0.000000
0.421061,0.076583,0.000000,0.421061,0.000000,0.081296,0.000000
0.000000,0.042377,0.000000,0.000000,0.703166,0.254457,0.000000
0.218664,0.252130,0.000000,0.259434,0.000000,0.010338,0.259434
0.336058,0.072613,0.000000,0.336058,0.000000,0.179183,0.076088
0.187356,0.350084,0.112476,0.000000,0.350084,0.000000,0.000000
0.420180,0.118654,0.000000,0.000000,0.083583,0.000000,0.377582
0.309858,0.309858,0.000000,0.309858,0.000000,0.070426,0.000000
0.401568,0.000000,0.000000,0.246325,0.352107,0.000000,0.000000
0.000000,0.103065,0.137463,0.253157,0.253157,0.253157,0.000000
0.333333,0.333333,0.000000,0.000000,0.333333,0.000000,0.000000
0.000000,0.000000,0.000000,0.344835,0.046020,0.493947,0.115198
0.260700,0.178190,0.000000,0.260700,0.260700,0.039711,0.000000
0.366945,0.366945,0.013865,0.252246,0.000000,0.000000,0.000000
0.000000,0.308598,0.000000,0.000000,0.138264,0.000000,0.553138
1.000000,0.000000,0.000000,0.000000,0.000000,0.000000,0.000000
0.183618,0.050736,0.000000,0.476840,0.229055,0.059751,0.000000
0.585087,0.000000,0.001874,0.000000,0.413039,0.000000,0.000000
0.371316,0.000000,0.206570,0.050797,0.371316,0.000000,0.000000
0.243518,0.275864,0.000000,0.275864,0.000000,0.188198,0.016556
0.000000,0.550154,0.000000,0.365537,0.000000,0.084310,0.000000
0.040553,0.324567,0.000000,0.000000,0.634880,0.000000,0.000000
0.000000,0.201095,0.451883,0.000000,0.000000,0.000000,0.347022
0.333333,0.333333,0.000000,0.333333,0.000000,0.000000,0.000000
0.000000,0.000000,0.120690,0.593703,0.285607,0.000000,0.000000
0.250000,0.250000,0.000000,0.250000,0.000000,0.000000,0.250000
0.000000,0.000000,0.427915,0.427915,0.000000,0.144170,0.000000
0.125350,0.151062,0.217450,0.506138,0.000000,0.000000,0.000000
0.994653,0.005347,0.000000,0.000000,0.000000,0.000000,0.000000
1.000000,0.000000,0.000000,0.000000,0.000000,0.000000,0.000000
0.373500,0.373500,0.097750,0.000000,0.000000,0.155250,0.000000
0.146085,0.095139,0.000000,0.003916,0.459694,0.216449,0.078716
1.000000,0.000000,0.000000,0.000000,0.000000,0.000000,0.000000
0.310858,0.000000,0.000000,0.159762,0.000000,0.200213,0.329167
0.253508,0.000000,0.000000,0.653466,0.061616,0.000000,0.031410
0.089263,0.000000,0.000000,0.442602,0.000000,0.331896,0.136239
0.359418,0.094422,0.000000,0.000000,0.000000,0.418469,0.127691
1.000000,0.000000,0.000000,0.000000,0.000000,0.000000,0.000000
0.420301,0.420301,0.000000,0.159399,0.000000,0.000000,0.000000
0.298612,0.701388,0.000000,0.000000,0.000000,0.000000,0.000000
1.000000,0.000000,0.000000,0.000000,0.000000,0.000000,0.000000
0.768811,0.231189,0.000000,0.000000,0.000000,0.000000,0.000000
0.000000,0.000000,0.000000,0.000000,0.096062,0.603704,0.300234
0.000000,0.659684,0.000000,0.000000,0.000000,0.340316,0.000000
0.170850,0.305198,0.000000,0.305198,0.000000,0.000000,0.218755
0.316241,0.510086,0.000000,0.000000,0.000000,0.173672,0.000000
0.418998,0.000000,0.057394,0.346872,0.000000,0.176736,0.000000
0.012737,0.276333,0.000000,0.203731,0.276333,0.230867,0.000000
0.000000,0.231564,0.403645,0.364791,0.000000,0.000000,0.000000
0.374557,0.051648,0.000000,0.427935,0.000000,0.000000,0.145860
0.151809,0.000000,0.200321,0.647870,0.000000,0.000000,0.000000
0.000000,0.211548,0.593952,0.000000,0.194500,0.000000,0.000000
0.271448,0.279377,0.118813,0.188149,0.126356,0.015856,0.000000
0.284720,0.187886,0.186202,0.254405,0.000000,0.086787,0.000000
0.102912,0.152773,0.038603,0.142304,0.282716,0.280692,0.000000
0.325782,0.230065,0.325782,0.000000,0.000000,0.000000,0.118370
0.000000,0.083976,0.357196,0.000000,0.201633,0.357196,0.000000
0.034574,0.254273,0.202540,0.000000,0.254273,0.254273,0.000068
0.282284,0.052819,0.226945,0.032655,0.073690,0.268122,0.063486
0.137158,0.318511,0.000000,0.072303,0.154540,0.317488,0.000000
0.197058,0.267647,0.000000,0.000000,0.267647,0.267647,0.000000
0.495965,0.324055,0.064286,0.000000,0.115693,0.000000,0.000000
0.066583,0.239838,0.043686,0.000000,0.292354,0.292354,0.065185
0.206330,0.174679,0.000000,0.206330,0.206330,0.206330,0.000000
0.000000,0.349755,0.094694,0.316167,0.239385,0.000000,0.000000
0.156834,0.027989,0.263401,0.263401,0.024974,0.263401,0.000000
0.000000,0.289803,0.000000,0.415152,0.198790,0.000000,0.096255
0.000000,0.000000,0.000000,0.715537,0.158302,0.126161,0.000000
0.000000,0.275092,0.220834,0.275092,0.228982,0.000000,0.000000
0.160250,0.256794,0.256794,0.256794,0.000000,0.069368,0.000000
0.000000,0.355983,0.000000,0.274404,0.000000,0.355983,0.013631
0.500000,0.000000,0.000000,0.000000,0.500000,0.000000,0.000000
0.283907,0.205495,0.173584,0.000000,0.283907,0.053106,0.000000
0.005032,0.396520,0.272612,0.000000,0.325836,0.000000,0.000000
0.052516,0.078926,0.265608,0.265608,0.015478,0.265608,0.056256
0.000000,0.168093,0.191422,0.191422,0.191422,0.191422,0.066221
0.000000,0.380870,0.000000,0.238260,0.000000,0.380870,0.000000
0.300284,0.099148,0.300284,0.000000,0.300284,0.000000,0.000000
0.443081,0.000000,0.000000,0.051224,0.000000,0.443081,0.062614
0.354632,0.063573,0.219084,0.303216,0.000000,0.059495,0.000000
0.217594,0.511043,0.000000,0.271363,0.000000,0.000000,0.000000
0.401680,0.165695,0.030944,0.000000,0.000000,0.401680,0.000000
0.251126,0.251126,0.000000,0.097137,0.058700,0.090784,0.251126
0.140116,0.429942,0.000000,0.429942,0.000000,0.000000,0.000000
0.558487,0.000000,0.000000,0.000000,0.264037,0.177476,0.000000
0.000000,0.144303,0.000000,0.329431,0.244363,0.000000,0.281904
0.000000,0.295118,0.114646,0.295118,0.295118,0.000000,0.000000
0.000000,0.000000,0.366367,0.195605,0.000000,0.000000,0.438028
0.030619,0.296281,0.007463,0.143261,0.000000,0.203590,0.318786
0.000000,0.356285,0.000000,0.131856,0.360302,0.151557,0.000000
0.236698,0.002434,0.124973,0.184238,0.186289,0.063324,0.202042
0.227788,0.141909,0.000000,0.243033,0.243033,0.000000,0.144238
0.000000,0.000000,0.000000,0.390619,0.609381,0.000000,0.000000
0.000000,0.000000,0.360334,0.249975,0.000000,0.050855,0.338836
0.011083,0.000000,0.000000,0.494459,0.000000,0.494459,0.000000
0.054889,0.000000,0.196290,0.223661,0.227560,0.297600,0.000000
0.740654,0.000000,0.000000,0.259346,0.000000,0.000000,0.000000
0.176279,0.223557,0.183661,0.033327,0.228519,0.000000,0.154657
0.337751,0.000000,0.061837,0.266727,0.248239,0.085446,0.000000
0.000000,0.000000,0.000000,0.000000,0.000000,1.000000,0.000000
0.316304,0.000000,0.000000,0.343350,0.340345,0.000000,0.000000
0.262868,0.000000,0.365053,0.365053,0.007027,0.000000,0.000000
1.000000,0.000000,0.000000,0.000000,0.000000,0.000000,0.000000
0.000000,0.489116,0.000000,0.000000,0.510884,0.000000,0.000000
0.803313,0.000000,0.000000,0.171034,0.000000,0.000000,0.025653
0.115750,0.000000,0.013300,0.266215,0.445843,0.000000,0.158892
0.271751,0.166527,0.000000,0.256142,0.033829,0.000000,0.271751
0.622120,0.000000,0.000000,0.352232,0.025648,0.000000,0.000000
0.034911,0.482001,0.000000,0.000000,0.195307,0.287781,0.000000
0.000000,0.000000,0.000000,0.000000,0.000000,0.000000,1.000000
0.000000,0.000000,0.000000,0.623230,0.000000,0.000000,0.376770
0.196873,0.000000,0.000000,0.803127,0.000000,0.000000,0.000000
0.000000,0.000000,0.191647,0.000000,0.704388,0.000000,0.103965
0.457110,0.000000,0.000000,0.000000,0.085779,0.000000,0.457110
0.539627,0.423884,0.000000,0.000000,0.036489,0.000000,0.000000
0.000000,0.081107,0.000000,0.000000,0.000000,0.196916,0.721978
0.000000,0.000000,0.000000,0.384518,0.000000,0.261679,0.353803
0.225991,0.121272,0.000000,0.652737,0.000000,0.000000,0.000000
0.007679,0.000000,0.125263,0.415257,0.415257,0.000000,0.036544
0.000000,0.355400,0.554285,0.090315,0.000000,0.000000,0.000000
0.098108,0.000000,0.000000,0.575716,0.054543,0.271633,0.000000
0.000000,0.000000,0.170495,0.173154,0.326151,0.083992,0.246208
0.313277,0.000000,0.686723,0.000000,0.000000,0.000000,0.000000
0.445285,0.000000,0.347623,0.188787,0.018304,0.000000,0.000000
0.307657,0.480987,0.000000,0.000000,0.059109,0.000000,0.152247
0.186616,0.417238,0.000000,0.396146,0.000000,0.000000,0.000000
0.311933,0.000000,0.269170,0.000000,0.000000,0.418897,0.000000
0.000000,0.000000,0.101060,0.000000,0.354172,0.000000,0.544768
0.434231,0.075819,0.000000,0.000000,0.311242,0.000000,0.178708
0.199531,0.000000,0.402628,0.288405,0.081274,0.028162,0.000000
0.000938,0.000000,0.213082,0.000000,0.392990,0.392990,0.000000
0.259452,0.003912,0.058238,0.000000,0.231839,0.287377,0.159182
0.000000,0.000000,0.323688,0.308757,0.000000,0.323688,0.043868
0.409455,0.000000,0.000000,0.409455,0.181091,0.000000,0.000000
0.332721,0.000000,0.000000,0.112242,0.555037,0.000000,0.000000
0.316566,0.253967,0.000000,0.000000,0.264221,0.165246,0.000000
0.000000,0.171875,0.000000,0.000000,0.828125,0.000000,0.000000
0.568577,0.000000,0.000000,0.402061,0.029362,0.000000,0.000000
0.000000,0.000000,0.000000,0.624153,0.176693,0.000000,0.199154
0.000000,0.198809,0.000000,0.681950,0.000000,0.000000,0.119241
0.000000,0.000000,0.000000,0.451003,0.097994,0.000000,0.451003
0.000000,0.000000,0.000000,0.091096,0.000000,0.171141,0.737764
0.677235,0.000000,0.000000,0.000000,0.000000,0.322764,0.000000
0.000000,0.029747,0.000000,0.471428,0.027398,0.471428,0.000000
0.000000,0.000000,0.000000,0.357373,0.484983,0.000000,0.157644
0.368245,0.000000,0.329116,0.000000,0.000000,0.000000,0.302639
0.000000,1.000000,0.000000,0.000000,0.000000,0.000000,0.000000
0.000000,0.000000,0.168965,0.405221,0.405221,0.020594,0.000000
0.204443,0.349363,0.000000,0.000000,0.000000,0.001570,0.444624
0.144224,0.000000,0.000000,0.171412,0.000000,0.000000,0.684364
0.000000,0.448032,0.000000,0.389075,0.000000,0.000000,0.162893
0.188143,0.000000,0.000000,0.000000,0.495734,0.316123,0.000000
0.000000,0.000000,0.000000,0.117904,0.000000,0.487073,0.395023
0.000000,0.178935,0.000000,0.000000,0.123389,0.697675,0.000000
0.000000,0.125596,0.000000,0.458424,0.000000,0.415980,0.000000
0.113941,0.268038,0.037331,0.000000,0.268038,0.207613,0.105040
0.270237,0.141231,0.000000,0.109358,0.208936,0.270237,0.000000
0.230441,0.181517,0.000000,0.000000,0.268650,0.319392,0.000000
0.371320,0.000000,0.000000,0.061879,0.000000,0.306783,0.260018
0.000000,0.441301,0.171865,0.193631,0.193203,0.000000,0.000000
0.000000,0.000000,0.000000,0.192835,0.418820,0.388345,0.000000
0.000000,0.163878,0.000000,0.418061,0.418061,0.000000,0.000000
0.195579,0.206786,0.252055,0.096164,0.000000,0.249417,0.000000
0.000000,0.000000,0.062217,0.239904,0.697879,0.000000,0.000000
0.296234,0.000000,0.000000,0.099118,0.146881,0.296234,0.161532
0.000000,0.404925,0.000000,0.359028,0.000000,0.236046,0.000000
0.157554,0.309381,0.000000,0.309381,0.043249,0.180434,0.000000
0.219178,0.000000,0.774077,0.000000,0.000000,0.006745,0.000000
0.211657,0.376671,0.000000,0.165243,0.000000,0.000000,0.246428
0.321798,0.292232,0.064517,0.081212,0.000000,0.193170,0.047071
0.000000,0.343950,0.000000,0.175058,0.409133,0.039292,0.032566
0.784612,0.013686,0.000000,0.201702,0.000000,0.000000,0.000000
0.138351,0.832619,0.000000,0.000000,0.000000,0.000000,0.029030
0.163131,0.237261,0.237261,0.056478,0.138124,0.167744,0.000000
0.000000,0.242300,0.000000,0.000000,0.355166,0.355166,0.047368
0.449275,0.007551,0.000000,0.000000,0.000000,0.000000,0.543173
0.302621,0.000000,0.697379,0.000000,0.000000,0.000000,0.000000
0.908242,0.000000,0.000000,0.000000,0.000000,0.091758,0.000000
0.000000,0.000000,0.000000,0.604114,0.000000,0.000000,0.395886
0.060437,0.386907,0.000000,0.297055,0.000000,0.255601,0.000000
0.321899,0.255024,0.296034,0.127044,0.000000,0.000000,0.000000
0.380835,0.380835,0.000000,0.000000,0.000000,0.000000,0.238330
0.000000,0.000000,0.000000,0.000000,0.000000,1.000000,0.000000
0.258000,0.000000,0.165168,0.370234,0.089935,0.116663,0.000000
0.287921,0.403772,0.308306,0.000000,0.000000,0.000000,0.000000
0.254214,0.217793,0.254214,0.211690,0.000000,0.000000,0.062088
0.351039,0.131692,0.000000,0.351039,0.133853,0.032377,0.000000
0.000000,0.062737,0.239980,0.217324,0.239980,0.239980,0.000000
0.000000,0.003266,0.000000,0.498367,0.000000,0.498367,0.000000
0.048659,0.131881,0.038353,0.390554,0.000000,0.390554,0.000000
0.060326,0.000000,0.206510,0.202479,0.265342,0.000000,0.265342
0.459337,0.459337,0.000000,0.000000,0.081325,0.000000,0.000000
0.288434,0.288434,0.288434,0.134699,0.000000,0.000000,0.000000
0.000000,0.000000,0.061623,0.190195,0.374091,0.374091,0.000000
0.386824,0.226352,0.000000,0.000000,0.000000,0.386824,0.000000
0.055404,0.000000,0.302342,0.084704,0.302342,0.255208,0.000000
0.182153,0.182153,0.000000,0.089237,0.182153,0.182153,0.182153
0.250000,0.000000,0.250000,0.250000,0.000000,0.250000,0.000000
0.000000,0.464799,0.000000,0.000000,0.000000,0.535201,0.000000
0.000000,0.183387,0.000000,0.384688,0.128757,0.149862,0.153306
0.000000,0.000000,0.248729,0.248729,0.248729,0.248729,0.005084
0.069691,0.335166,0.001282,0.335166,0.258696,0.000000,0.000000
0.000000,0.000000,0.000000,0.250956,0.749044,0.000000,0.000000
0.000000,0.000000,0.256227,0.271923,0.199927,0.271923,0.000000
0.341084,0.000000,0.120981,0.000000,0.304889,0.233045,0.000000
0.315649,0.315649,0.000000,0.053054,0.315649,0.000000,0.000000
0.145842,0.210892,0.000000,0.221576,0.221576,0.200114,0.000000
0.000000,0.099756,0.488616,0.258666,0.152962,0.000000,0.000000
0.000000,0.454006,0.000000,0.000000,0.545994,0.000000,0.000000
0.207595,0.207595,0.207595,0.115266,0.119839,0.000000,0.142108
0.212124,0.212124,0.000000,0.212124,0.151503,0.212124,0.000000
0.234361,0.234361,0.234361,0.062540,0.000018,0.234361,0.000000
0.202023,0.202023,0.000000,0.202023,0.191908,0.202023,0.000000
0.419713,0.106090,0.000000,0.270761,0.197762,0.005674,0.000000
0.105862,0.329668,0.000000,0.000000,0.329668,0.234802,0.000000
0.231713,0.304447,0.000000,0.165719,0.298121,0.000000,0.000000
0.243629,0.000000,0.187959,0.119532,0.000000,0.000000,0.448880
0.369026,0.000000,0.000000,0.000000,0.120663,0.369026,0.141286
0.000000,0.254157,0.000000,0.000000,0.163088,0.521933,0.060823
0.223151,0.223151,0.125174,0.033783,0.171590,0.223151,0.000000
0.092544,0.000000,0.000000,0.453728,0.453728,0.000000,0.000000
0.135902,0.277250,0.000000,0.000000,0.293424,0.293424,0.000000
1.000000,0.000000,0.000000,0.000000,0.000000,0.000000,0.000000
0.000000,0.256425,0.000000,0.256425,0.256425,0.230726,0.000000
0.000000,0.000000,0.000000,0.228455,0.204142,0.567403,0.000000
0.000000,0.000000,0.000128,0.499936,0.000000,0.499936,0.000000
0.000000,0.181615,0.000000,0.000000,0.484800,0.333585,0.000000
0.000000,0.328064,0.281341,0.328064,0.000000,0.062531,0.000000
0.000000,0.000000,0.000000,0.473754,0.000000,0.526246,0.000000
0.207492,0.094929,0.000000,0.697579,0.000000,0.000000,0.000000
0.000000,0.349370,0.000000,0.650630,0.000000,0.000000,0.000000
0.000000,0.467973,0.000000,0.000000,0.166023,0.091673,0.274332
0.000000,0.032691,0.000000,0.296342,0.670968,0.000000,0.000000
0.406663,0.000000,0.000000,0.000000,0.406663,0.000000,0.186674
0.000000,0.081618,0.352572,0.352572,0.000000,0.000000,0.213238
0.416108,0.141565,0.000000,0.000000,0.115601,0.000000,0.326727
0.000000,0.491719,0.016563,0.491719,0.000000,0.000000,0.000000
0.384304,0.000000,0.000000,0.348675,0.000000,0.267021,0.000000
0.000000,0.230091,0.041879,0.286853,0.441177,0.000000,0.000000
0.268171,0.192160,0.268171,0.003328,0.000000,0.268171,0.000000
0.053820,0.000000,0.000000,0.000000,0.286304,0.242812,0.417064
0.000000,0.282902,0.253032,0.282902,0.000000,0.181163,0.000000
0.000000,0.331567,0.061542,0.006839,0.167325,0.101160,0.331567
0.000000,0.000000,0.000000,0.570037,0.051822,0.378141,0.000000
0.457393,0.000000,0.218295,0.250755,0.000000,0.014874,0.058683
0.000000,0.000000,0.451026,0.548974,0.000000,0.000000,0.000000
0.000000,0.395855,0.000000,0.000000,0.189511,0.000000,0.414634
0.000000,0.000000,0.000000,0.000000,0.000000,0.312864,0.687136
0.225656,0.225656,0.179058,0.143974,0.000000,0.225656,0.000000
0.000000,0.909059,0.000000,0.000000,0.000000,0.090941,0.000000
0.000000,1.000000,0.000000,0.000000,0.000000,0.000000,0.000000
0.000000,0.431426,0.000000,0.483735,0.000000,0.084839,0.000000
0.000000,0.000000,0.255980,0.000000,0.000000,0.292119,0.451901
0.180706,0.072992,0.184008,0.187431,0.187431,0.000000,0.187431
0.183901,0.204025,0.000000,0.204025,0.204025,0.204025,0.000000
0.000000,0.043046,0.181443,0.000000,0.074925,0.243507,0.457080
0.500000,0.500000,0.000000,0.000000,0.000000,0.000000,0.000000
0.036213,0.000000,0.294499,0.139043,0.331709,0.198536,0.000000
0.371692,0.000000,0.000000,0.206238,0.000000,0.422070,0.000000
0.000000,0.000000,0.000000,0.000000,0.000000,0.000000,1.000000
0.087697,0.000000,0.331222,0.217462,0.363619,0.000000,0.000000
0.567527,0.000000,0.000000,0.421613,0.000000,0.000000,0.010860
0.000000,0.000000,0.000000,0.000000,0.800948,0.199052,0.000000
0.047592,0.256595,0.000000,0.221431,0.256595,0.000000,0.217788
0.320387,0.000000,0.000000,0.320387,0.320387,0.000000,0.038838
0.000000,0.847207,0.000000,0.000000,0.152793,0.000000,0.000000
0.000000,0.000000,0.048000,0.659267,0.000000,0.259788,0.032945
0.318640,0.516803,0.000000,0.000000,0.164557,0.000000,0.000000
0.367306,0.000000,0.000000,0.000000,0.387702,0.000000,0.244992
0.428037,0.542975,0.000000,0.028988,0.000000,0.000000,0.000000
0.000000,0.059976,0.470012,0.470012,0.000000,0.000000,0.000000
0.000000,0.000000,0.380071,0.228653,0.380071,0.000000,0.011204
0.327030,0.000000,0.434767,0.122353,0.000000,0.115850,0.000000
0.000000,0.386844,0.100072,0.296063,0.217021,0.000000,0.000000
0.147950,0.401814,0.052078,0.136179,0.076734,0.185245,0.000000
0.486883,0.000000,0.000000,0.365243,0.015814,0.000000,0.132060
0.199439,0.024296,0.199439,0.199439,0.177950,0.199439,0.000000
0.771968,0.000000,0.000000,0.000000,0.228032,0.000000,0.000000
0.000000,0.278715,0.000000,0.278715,0.278715,0.163855,0.000000
0.500000,0.500000,0.000000,0.000000,0.000000,0.000000,0.000000
0.008835,0.000000,0.944582,0.000000,0.046583,0.000000,0.000000
0.235544,0.235544,0.235544,0.235544,0.057822,0.000000,0.000000
0.000000,0.275316,0.274973,0.449711,0.000000,0.000000,0.000000
0.000000,0.000000,0.000000,0.458291,0.176213,0.365496,0.000000
0.500357,0.000000,0.000000,0.000000,0.001628,0.498015,0.000000
0.000000,0.000000,0.129809,0.507809,0.000000,0.362381,0.000000
0.000000,0.000000,0.804344,0.000000,0.161585,0.000000,0.034071
0.244987,0.468415,0.000000,0.000000,0.286598,0.000000,0.000000
0.377622,0.000000,0.000000,0.244757,0.000000,0.377622,0.000000
0.000000,0.000000,0.000000,0.322295,0.429333,0.000000,0.248372
0.342125,0.326503,0.010830,0.320542,0.000000,0.000000,0.000000
0.182853,0.310360,0.000000,0.000000,0.151539,0.310360,0.044888
0.216389,0.216389,0.000000,0.216389,0.134444,0.216389,0.000000
0.348580,0.000000,0.480366,0.000000,0.171054,0.000000,0.000000
0.514482,0.000000,0.000000,0.000000,0.000000,0.211082,0.274436
0.000000,0.526375,0.000000,0.371077,0.000000,0.000000,0.102547
0.022944,0.000000,0.000000,0.000000,0.449687,0.449687,0.077682
0.512668,0.029660,0.000000,0.106440,0.000000,0.329406,0.021826
0.767143,0.000000,0.000000,0.172663,0.000000,0.060195,0.000000
0.325183,0.337409,0.000000,0.000000,0.337409,0.000000,0.000000
0.220569,0.392336,0.000000,0.387096,0.000000,0.000000,0.000000
0.000000,0.000000,0.000000,1.000000,0.000000,0.000000,0.000000
0.593096,0.000000,0.000000,0.273078,0.000000,0.133826,0.000000
0.000000,0.000000,0.000000,0.441453,0.000000,0.558547,0.000000
0.239086,0.000000,0.000000,0.202218,0.000000,0.000000,0.558696
0.310283,0.151300,0.225328,0.000000,0.000000,0.313089,0.000000
0.000000,0.164223,0.000000,0.398707,0.000000,0.384072,0.052998
0.000000,0.395203,0.150497,0.074270,0.000000,0.000000,0.380030
0.000000,0.175927,0.354156,0.313585,0.156332,0.000000,0.000000
0.000000,0.050837,0.293018,0.382006,0.000000,0.000000,0.274139
0.253992,0.000000,0.253992,0.238024,0.000000,0.253992,0.000000
0.000000,0.060548,0.257179,0.257179,0.167916,0.000000,0.257179
0.004718,0.000000,0.166229,0.217635,0.072145,0.539273,0.000000
0.281145,0.000000,0.000000,0.261977,0.451088,0.005790,0.000000
0.324698,0.000000,0.324698,0.000000,0.231986,0.000000,0.118617
0.734711,0.088625,0.000000,0.000000,0.000000,0.000000,0.176664
1.000000,0.000000,0.000000,0.000000,0.000000,0.000000,0.000000
0.492675,0.000000,0.000000,0.000000,0.000000,0.492871,0.014454
0.719874,0.000000,0.280126,0.000000,0.000000,0.000000,0.000000
0.211926,0.000000,0.000000,0.126871,0.661202,0.000000,0.000000
0.045990,0.313672,0.000000,0.000000,0.513627,0.126712,0.000000
0.499026,0.000000,0.271453,0.171361,0.000000,0.000000,0.058160
0.000000,0.000000,0.457182,0.368295,0.149817,0.024706,0.000000
0.042424,0.227593,0.191765,0.000000,0.227593,0.227593,0.083032
0.000000,0.601275,0.000000,0.000000,0.000000,0.000000,0.398725
0.293985,0.000000,0.000000,0.158419,0.000000,0.547596,0.000000
0.206352,0.372245,0.225460,0.000000,0.088476,0.000000,0.107467
0.127006,0.177132,0.294168,0.401695,0.000000,0.000000,0.000000
0.000000,0.019789,0.000000,0.980211,0.000000,0.000000,0.000000
0.593278,0.338048,0.000000,0.025901,0.000000,0.042772,0.000000
0.260642,0.260642,0.000000,0.218074,0.260642,0.000000,0.000000
0.061656,0.521537,0.000000,0.025544,0.391263,0.000000,0.000000
0.000000,0.816498,0.000000,0.000000,0.183502,0.000000,0.000000
0.000000,0.000000,0.367533,0.330169,0.302298,0.000000,0.000000
0.663954,0.000000,0.000000,0.336046,0.000000,0.000000,0.000000
0.000000,0.498958,0.000000,0.246190,0.254852,0.000000,0.000000
0.442093,0.000000,0.000000,0.438191,0.000000,0.119716,0.000000
0.161278,0.242733,0.190872,0.242733,0.162383,0.000000,0.000000
0.212960,0.212960,0.021140,0.147504,0.212960,0.191912,0.000565
0.103371,0.000000,0.000000,0.692191,0.204438,0.000000,0.000000
0.000000,0.000000,0.080388,0.288236,0.288236,0.288236,0.054904
0.000000,0.000000,0.000000,0.098152,0.450924,0.450924,0.000000
0.087134,0.248347,0.000000,0.332259,0.000000,0.332259,0.000000
0.000000,0.500000,0.000000,0.500000,0.000000,0.000000,0.000000
0.008199,0.320649,0.029854,0.000000,0.320649,0.320649,0.000000
0.226569,0.225541,0.000000,0.224111,0.097210,0.226569,0.000000
0.018449,0.256350,0.000000,0.256350,0.212500,0.256350,0.000000
0.367454,0.367454,0.000000,0.237392,0.000000,0.027700,0.000000
0.000000,0.000000,0.000000,1.000000,0.000000,0.000000,0.000000
0.301470,0.286956,0.000000,0.000000,0.171282,0.240292,0.000000
0.000000,0.206658,0.000000,0.466765,0.326576,0.000000,0.000000
0.000000,0.993356,0.000000,0.000000,0.006644,0.000000,0.000000
0.535426,0.343850,0.120723,0.000000,0.000000,0.000000,0.000000
0.297703,0.106892,0.000000,0.297703,0.000000,0.297703,0.000000
0.291026,0.642179,0.000000,0.066795,0.000000,0.000000,0.000000
0.493619,0.040527,0.000000,0.000000,0.179771,0.000000,0.286084
0.113472,0.000000,0.000000,0.173865,0.000000,0.712663,0.000000
0.373130,0.238079,0.000000,0.000000,0.374618,0.014173,0.000000
1.000000,0.000000,0.000000,0.000000,0.000000,0.000000,0.000000
1.000000,0.000000,0.000000,0.000000,0.000000,0.000000,0.000000
0.307488,0.310891,0.000000,0.327265,0.000000,0.054356,0.000000
0.032673,0.486659,0.000000,0.000000,0.451770,0.028898,0.000000
0.101619,0.000000,0.000000,0.427371,0.000872,0.248135,0.222002
0.000000,0.000000,0.149568,0.807762,0.042669,0.000000,0.000000
0.000000,0.000000,0.345571,0.312404,0.000000,0.342025,0.000000
0.361426,0.000000,0.000000,0.358952,0.000000,0.279622,0.000000
0.000000,0.000000,0.000000,1.000000,0.000000,0.000000,0.000000
0.000000,0.276144,0.000000,0.247688,0.162692,0.000000,0.313475
0.000000,0.000000,0.355057,0.440960,0.007034,0.196948,0.000000
0.453657,0.453657,0.092686,0.000000,0.000000,0.000000,0.000000
1.000000,0.000000,0.000000,0.000000,0.000000,0.000000,0.000000
0.541552,0.000000,0.000000,0.000000,0.000000,0.257205,0.201243
0.000000,0.090735,0.183250,0.000000,0.726015,0.000000,0.000000
0.616621,0.000000,0.000000,0.000000,0.000000,0.383379,0.000000
0.561069,0.000000,0.000000,0.000000,0.076117,0.000000,0.362814
0.505676,0.223811,0.194811,0.000000,0.000000,0.000000,0.075701
0.426101,0.025685,0.000000,0.349733,0.000000,0.000000,0.198481
0.243532,0.000000,0.284175,0.229652,0.000000,0.000000,0.242640
0.432623,0.022676,0.000000,0.000000,0.544701,0.000000,0.000000
0.000000,0.205178,0.000000,0.488306,0.000000,0.000000,0.306516
0.000000,0.329429,0.000000,0.670571,0.000000,0.000000,0.000000
0.159810,0.116556,0.000000,0.166466,0.255250,0.000000,0.301918
0.000000,0.276490,0.080587,0.348541,0.174832,0.119550,0.000000
0.035216,0.445831,0.000000,0.073121,0.445831,0.000000,0.000000
0.000000,0.500000,0.000000,0.500000,0.000000,0.000000,0.000000
0.000000,0.000000,0.000000,0.898740,0.000000,0.000000,0.101260
0.000000,0.000000,0.061711,0.938289,0.000000,0.000000,0.000000
0.287924,0.287924,0.000000,0.167745,0.000000,0.256407,0.000000
0.082851,0.104867,0.734010,0.000000,0.000000,0.000000,0.078271
0.000000,0.768050,0.000000,0.000000,0.000000,0.000000,0.231950
0.000000,0.292106,0.292106,0.000000,0.265808,0.000000,0.149979
0.000000,0.000000,0.000000,0.000000,0.683619,0.316381,0.000000
0.373109,0.000000,0.373109,0.000000,0.000000,0.253781,0.000000
0.168935,0.000000,0.315278,0.177354,0.081445,0.256988,0.000000
0.000000,0.370906,0.000000,0.510897,0.000000,0.118196,0.000000
0.000000,0.259557,0.364440,0.364440,0.011563,0.000000,0.000000
0.000000,0.404730,0.060124,0.000000,0.404730,0.130416,0.000000
0.253656,0.184018,0.000000,0.000000,0.017957,0.366665,0.177703
0.000000,0.466851,0.000000,0.066298,0.000000,0.466851,0.000000
0.041798,0.049540,0.229277,0.298215,0.000000,0.381170,0.000000
0.142807,0.180495,0.000000,0.495502,0.000000,0.069933,0.111262
0.000000,0.578567,0.000000,0.302401,0.000000,0.000000,0.119031
0.000000,0.191445,0.054021,0.272794,0.159793,0.071145,0.250802
0.385197,0.000000,0.000000,0.135816,0.000000,0.455740,0.023246
0.000000,0.232420,0.232420,0.232420,0.232420,0.070319,0.000000
0.000000,0.057486,0.000000,0.471257,0.000000,0.471257,0.000000
0.318802,0.000000,0.043594,0.318802,0.000000,0.318802,0.000000
0.394018,0.000000,0.095058,0.219360,0.000000,0.000000,0.291565
0.000000,0.333333,0.333333,0.000000,0.333333,0.000000,0.000000
0.210221,0.702953,0.000000,0.000000,0.000000,0.000000,0.086827
0.000000,0.000000,0.000000,0.378646,0.031917,0.009267,0.580170
0.000000,0.231167,0.243126,0.286321,0.025303,0.000000,0.214083
0.000000,0.595549,0.345381,0.059070,0.000000,0.000000,0.000000
0.000000,0.000000,0.430480,0.218335,0.028917,0.000000,0.322267
0.076239,0.000000,0.354662,0.354662,0.000000,0.000000,0.214437
0.510490,0.000000,0.000000,0.072858,0.170422,0.000000,0.246229
0.000000,0.000000,0.691754,0.000000,0.000000,0.000000,0.308246
0.518718,0.000000,0.000000,0.000000,0.000000,0.000000,0.481282
0.306978,0.000000,0.292561,0.000000,0.400461,0.000000,0.000000
0.197422,0.312336,0.000000,0.150598,0.339644,0.000000,0.000000
0.000000,0.359444,0.080845,0.061193,0.139074,0.000000,0.359444
0.000000,0.000000,0.000000,0.604711,0.000000,0.395289,0.000000
0.601278,0.000000,0.000000,0.000000,0.000000,0.026262,0.372461
0.000000,0.000000,0.000000,0.000000,0.000000,0.000000,1.000000
0.643918,0.000000,0.000000,0.000000,0.272807,0.000000,0.083275
0.000000,0.000000,0.503367,0.000000,0.000000,0.000000,0.496633
0.000000,0.867670,0.132330,0.000000,0.000000,0.000000,0.000000
0.759239,0.000000,0.000000,0.171129,0.000000,0.000000,0.069632
1.000000,0.000000,0.000000,0.000000,0.000000,0.000000,0.000000
0.000000,0.449686,0.094728,0.455585,0.000000,0.000000,0.000000
0.323050,0.051691,0.323050,0.302209,0.000000,0.000000,0.000000
0.495221,0.307027,0.000000,0.197752,0.000000,0.000000,0.000000
0.000000,0.500000,0.000000,0.000000,0.000000,0.500000,0.000000
0.129976,0.000000,0.115569,0.000000,0.754455,0.000000,0.000000
0.000000,0.394315,0.000000,0.000000,0.000000,0.240101,0.365585
0.022515,0.000000,0.000000,0.342467,0.130905,0.342467,0.161646
0.253247,0.156034,0.000000,0.253247,0.204591,0.000000,0.132880
0.274973,0.274973,0.000000,0.057106,0.274973,0.117976,0.000000
0.000000,0.345844,0.057474,0.345844,0.250839,0.000000,0.000000
0.239303,0.242303,0.000000,0.242303,0.065914,0.000000,0.210176
0.171675,0.028023,0.159107,0.000000,0.278741,0.362454,0.000000
0.030338,0.000000,0.000000,0.612107,0.357554,0.000000,0.000000
0.138423,0.266218,0.000000,0.266218,0.062922,0.000000,0.266218
0.233939,0.313072,0.000000,0.000000,0.000000,0.313072,0.139918
0.000000,0.423505,0.000000,0.319644,0.009465,0.247387,0.000000
0.212511,0.247003,0.046481,0.000000,0.247003,0.247003,0.000000
0.090258,0.000000,0.000000,0.239444,0.269060,0.269060,0.132177
0.500235,0.424869,0.000000,0.000000,0.000000,0.074896,0.000000
0.000000,0.000000,0.260118,0.163552,0.374371,0.201960,0.000000
0.000000,0.000000,0.327353,0.000000,0.129877,0.282513,0.260257
0.000000,0.260120,0.183757,0.092592,0.000000,0.362217,0.101313
0.000000,0.000000,0.000000,0.287348,0.000000,0.712652,0.000000
0.000000,0.000000,0.000000,0.353577,0.000000,0.000000,0.646424
0.000000,0.000000,0.000000,0.644719,0.000000,0.000000,0.355281
0.000000,0.000000,0.000000,0.333333,0.333333,0.333333,0.000000
0.000000,0.000000,0.370159,0.139126,0.000000,0.144097,0.346618
