1.000000,0.000000,0.000000,0.000000,0.000000,0.000000,0.000000
0.132464,0.137208,0.129229,0.139831,0.146621,0.156387,0.158260
0.131575,0.127511,0.123591,0.140302,0.146285,0.168583,0.162153
0.153016,0.143222,0.123141,0.133964,0.149849,0.147095,0.149714
0.139963,0.140722,0.134271,0.149923,0.140800,0.147160,0.147161
0.130776,0.144139,0.134001,0.134418,0.159049,0.145198,0.152420
0.127404,0.137168,0.125977,0.128733,0.165549,0.157357,0.157810
0.133217,0.140717,0.131802,0.137438,0.147275,0.165052,0.144500
0.126989,0.135157,0.139228,0.135853,0.153174,0.154518,0.155080
0.134952,0.141857,0.127503,0.137949,0.152858,0.144131,0.160750
0.127850,0.126165,0.139733,0.142287,0.153283,0.161561,0.149121
0.121691,0.144206,0.140108,0.138708,0.157169,0.156402,0.141714
0.144512,0.139840,0.124585,0.142735,0.145027,0.155321,0.147980
0.132675,0.146468,0.133149,0.136290,0.151095,0.150902,0.149422
0.125213,0.140348,0.139483,0.144698,0.149653,0.157817,0.142788
0.125996,0.157029,0.136954,0.129126,0.151519,0.155078,0.144297
0.113261,0.142523,0.146362,0.146696,0.135930,0.163099,0.152130
0.134401,0.147440,0.139227,0.137575,0.147176,0.154038,0.140143
0.140880,0.144829,0.129641,0.144207,0.147937,0.151214,0.141293
0.132673,0.146001,0.126627,0.132940,0.153990,0.151849,0.155921
0.134442,0.150104,0.128429,0.147700,0.152356,0.134940,0.152029
0.126659,0.154984,0.135690,0.135012,0.140558,0.150398,0.156699
0.150524,0.141329,0.133154,0.137661,0.150486,0.142841,0.144006
0.139930,0.148523,0.129068,0.141519,0.137929,0.149123,0.153908
0.126371,0.150117,0.148907,0.133008,0.140554,0.149437,0.151607
0.127447,0.139789,0.138431,0.144316,0.147742,0.157536,0.144739
0.123491,0.147202,0.123916,0.149037,0.149279,0.156981,0.150094
0.115230,0.144214,0.146230,0.137460,0.152093,0.155168,0.149603
0.106101,0.146250,0.132665,0.145532,0.153969,0.171852,0.143631
0.130458,0.143494,0.137032,0.134413,0.147069,0.162749,0.144785
0.134102,0.139907,0.134861,0.143807,0.150392,0.152999,0.143932
0.135978,0.159630,0.134744,0.141967,0.135704,0.152253,0.139724
0.143622,0.141761,0.144609,0.141144,0.151541,0.146198,0.131125
0.124027,0.147926,0.133197,0.134876,0.147724,0.164147,0.148103
0.135462,0.147641,0.127722,0.148312,0.146713,0.152006,0.142144
0.127968,0.152638,0.133363,0.138775,0.155397,0.145635,0.146224
0.122877,0.151308,0.144155,0.142869,0.153960,0.144603,0.140227
0.123815,0.155933,0.130130,0.146052,0.152837,0.152388,0.138845
0.125005,0.147093,0.140093,0.143527,0.145921,0.158791,0.139571
0.143796,0.144839,0.130057,0.132098,0.146077,0.155008,0.148124
0.124929,0.151929,0.133906,0.146360,0.162244,0.138337,0.142295
0.132604,0.157328,0.137839,0.133478,0.153192,0.147331,0.138229
0.132949,0.146829,0.142177,0.138873,0.142270,0.158065,0.138837
0.122991,0.156783,0.144386,0.143039,0.146196,0.149121,0.137484
0.123183,0.156667,0.137286,0.149695,0.146136,0.152183,0.134849
0.138151,0.155294,0.139450,0.137195,0.145030,0.146663,0.138217
0.135402,0.142041,0.134716,0.134569,0.150099,0.156400,0.146772
0.122027,0.152034,0.133159,0.146170,0.150539,0.156211,0.139860
0.121197,0.141950,0.141104,0.143739,0.150181,0.155740,0.146089
0.121023,0.160008,0.132221,0.128612,0.160534,0.148291,0.149311
0.123684,0.155087,0.136524,0.144242,0.149359,0.147758,0.143346
0.135367,0.136282,0.129974,0.141564,0.152827,0.148265,0.155721
0.127976,0.148600,0.138020,0.140226,0.132998,0.160655,0.151524
0.129617,0.138293,0.139960,0.152476,0.148745,0.154286,0.136623
0.132498,0.142061,0.136289,0.148463,0.135641,0.158560,0.146489
0.150787,0.146191,0.130983,0.144838,0.142441,0.148011,0.136749
0.139166,0.142532,0.136638,0.133698,0.154919,0.155473,0.137574
0.134857,0.145407,0.138854,0.140021,0.155711,0.151776,0.133375
0.134671,0.147120,0.140520,0.143231,0.148827,0.147018,0.138612
0.136549,0.150270,0.137866,0.147120,0.137374,0.142969,0.147852
0.146748,0.145633,0.124124,0.145044,0.141763,0.143643,0.153045
0.127429,0.154637,0.137538,0.141054,0.150601,0.143685,0.145055
0.159058,0.138055,0.134246,0.133457,0.144814,0.149457,0.140913
0.144088,0.145860,0.132109,0.133852,0.146746,0.147464,0.149881
0.140646,0.146990,0.134184,0.133869,0.153621,0.142902,0.147788
0.156449,0.139264,0.124692,0.134614,0.156505,0.140924,0.147551
0.151667,0.147366,0.124589,0.140914,0.154166,0.141384,0.139914
0.145444,0.142074,0.132457,0.146970,0.146637,0.143852,0.142565
0.154275,0.134685,0.133982,0.135969,0.154660,0.139127,0.147302
0.151664,0.138483,0.140659,0.128611,0.138062,0.148729,0.153792
0.140455,0.146430,0.131959,0.138272,0.148976,0.152196,0.141712
0.145083,0.140148,0.139328,0.130694,0.157106,0.141529,0.146111
0.144651,0.151658,0.132784,0.137842,0.143456,0.136285,0.153323
0.156175,0.139280,0.132357,0.128915,0.160394,0.142475,0.140405
0.152729,0.145636,0.126232,0.128049,0.160210,0.128941,0.158204
0.139638,0.141429,0.143784,0.129608,0.150625,0.134408,0.160508
0.132987,0.143705,0.124334,0.139201,0.157748,0.145173,0.156851
0.151949,0.144918,0.127993,0.137933,0.157882,0.145996,0.133329
0.146590,0.146398,0.135204,0.135910,0.152616,0.143692,0.139590
0.152999,0.134552,0.131342,0.139317,0.153490,0.145243,0.143057
0.148134,0.139395,0.123320,0.144937,0.155358,0.135455,0.153401
0.147835,0.151860,0.125293,0.133306,0.147593,0.143269,0.150843
0.160116,0.137611,0.136203,0.144668,0.134354,0.142603,0.144445
0.137461,0.145668,0.131803,0.142075,0.153904,0.141271,0.147818
0.146762,0.146464,0.135274,0.131779,0.148740,0.134190,0.156791
0.148559,0.142290,0.131739,0.138310,0.139835,0.152125,0.147142
0.138103,0.135855,0.130950,0.151708,0.158112,0.132826,0.152446
0.146183,0.133516,0.137105,0.129914,0.155140,0.152301,0.145840
0.141011,0.145430,0.132197,0.130369,0.145567,0.143462,0.161963
0.137952,0.139182,0.135003,0.140196,0.156691,0.137056,0.153920
0.134612,0.144236,0.144725,0.135217,0.150249,0.145280,0.145681
0.138785,0.132808,0.144785,0.127511,0.142167,0.157346,0.156598
0.155606,0.132393,0.133640,0.133137,0.147056,0.145549,0.152619
0.162984,0.145592,0.129023,0.136581,0.138750,0.142050,0.145020
0.147466,0.134670,0.139661,0.130348,0.155912,0.147721,0.144222
0.145440,0.145634,0.137646,0.134239,0.155083,0.134920,0.147039
0.140210,0.128104,0.133018,0.137658,0.156713,0.151714,0.152583
0.141748,0.132819,0.132910,0.146330,0.147302,0.148199,0.150691
0.150160,0.141339,0.135483,0.138877,0.148129,0.136761,0.149252
0.152415,0.128877,0.136888,0.137288,0.154704,0.139279,0.150548
0.133102,0.141173,0.128876,0.143620,0.156154,0.142842,0.154234
0.147908,0.137813,0.133209,0.130533,0.157697,0.152192,0.140647
0.161749,0.146843,0.135778,0.127465,0.153673,0.130588,0.143905
0.149844,0.140650,0.131373,0.138145,0.151441,0.143558,0.144988
0.179097,0.136983,0.125957,0.136408,0.151393,0.137975,0.132187
0.145450,0.137321,0.147578,0.133357,0.146760,0.141061,0.148473
0.159619,0.134294,0.131184,0.143510,0.147571,0.141001,0.142821
0.135429,0.132533,0.143080,0.143745,0.155014,0.142420,0.147778
0.165228,0.143518,0.141856,0.134486,0.136603,0.140399,0.137911
0.139075,0.142840,0.135118,0.136795,0.152691,0.149197,0.144284
0.143104,0.144244,0.129448,0.137407,0.146178,0.145146,0.154473
0.169679,0.129470,0.128956,0.145473,0.147186,0.129091,0.150145
0.141536,0.144777,0.135580,0.141552,0.138732,0.145220,0.152603
0.154990,0.145942,0.125874,0.132350,0.145537,0.144460,0.150845
0.132162,0.142815,0.137046,0.143787,0.152284,0.142324,0.149581
0.153282,0.144715,0.136459,0.148247,0.140470,0.136953,0.139874
0.149031,0.129350,0.127983,0.143209,0.154165,0.140545,0.155717
0.150771,0.142079,0.135916,0.133827,0.152861,0.138884,0.145662
0.153971,0.130475,0.140553,0.135271,0.155228,0.144317,0.140185
0.143098,0.138715,0.140231,0.138418,0.152873,0.142119,0.144547
0.143136,0.147540,0.143268,0.141753,0.145046,0.140109,0.139149
0.141039,0.150837,0.136047,0.131176,0.149163,0.147732,0.144007
0.158096,0.145012,0.132852,0.142928,0.141970,0.146024,0.133118
0.158698,0.141616,0.120383,0.140093,0.146440,0.146255,0.146517
0.128918,0.137211,0.139738,0.132940,0.166864,0.154183,0.140146
0.155927,0.145209,0.130746,0.143112,0.145656,0.138923,0.140427
0.137152,0.136494,0.135060,0.138942,0.154845,0.143543,0.153964
0.152979,0.141586,0.128564,0.133758,0.159857,0.141058,0.142198
0.161277,0.129042,0.134947,0.142059,0.158293,0.134107,0.140276
0.140734,0.143477,0.144223,0.136829,0.150177,0.126975,0.157586
0.140606,0.147608,0.137885,0.137702,0.144800,0.138692,0.152708
0.153947,0.146555,0.141511,0.132670,0.140896,0.146707,0.137716
0.141399,0.137537,0.140300,0.136024,0.146811,0.152332,0.145597
0.149888,0.147900,0.135437,0.132466,0.147354,0.143532,0.143424
0.159250,0.132577,0.133297,0.139633,0.136959,0.141407,0.156875
0.147285,0.141857,0.130957,0.145911,0.145205,0.140482,0.148303
0.149740,0.145454,0.134411,0.146767,0.138390,0.145736,0.139502
0.160000,0.128503,0.134335,0.140209,0.150086,0.146518,0.140350
0.154440,0.132231,0.140642,0.145177,0.133349,0.145911,0.148249
0.149201,0.135436,0.146966,0.132910,0.135778,0.148572,0.151137
0.172464,0.139835,0.129200,0.134607,0.147344,0.139712,0.136839
0.167814,0.145932,0.132103,0.136045,0.144560,0.128908,0.144638
0.145653,0.131982,0.141389,0.146892,0.154684,0.136736,0.142664
0.165198,0.134584,0.141081,0.131352,0.144221,0.137935,0.145630
0.148330,0.134405,0.133541,0.140014,0.155132,0.132888,0.155690
0.144195,0.145558,0.139553,0.134147,0.147230,0.148594,0.140723
0.152307,0.138712,0.142058,0.131558,0.145034,0.146419,0.143912
0.167093,0.141253,0.132253,0.137898,0.141884,0.137623,0.141996
0.164963,0.134649,0.134348,0.135529,0.148297,0.136933,0.145281
0.164939,0.140474,0.130350,0.138369,0.141226,0.132419,0.152222
0.142294,0.144641,0.134439,0.126376,0.150865,0.151945,0.149439
0.150631,0.135158,0.133466,0.142662,0.134356,0.154837,0.148889
0.159036,0.139896,0.140057,0.132374,0.142967,0.142344,0.143326
0.149627,0.146028,0.136946,0.133043,0.137512,0.150877,0.145969
0.172779,0.142586,0.128264,0.129897,0.145939,0.151750,0.128786
0.146331,0.148575,0.128969,0.141521,0.148530,0.143306,0.142768
0.159456,0.139319,0.132195,0.131293,0.151886,0.141947,0.143904
0.142433,0.144319,0.138985,0.136215,0.141935,0.148562,0.147551
0.147498,0.147005,0.130523,0.136519,0.138213,0.148219,0.152025
0.160847,0.141075,0.140944,0.134565,0.139802,0.142459,0.140307
0.171517,0.138854,0.126086,0.127658,0.143109,0.149224,0.143552
0.153829,0.143120,0.134073,0.133827,0.143758,0.153035,0.138357
0.155471,0.142706,0.134419,0.139073,0.140022,0.144740,0.143568
0.166451,0.140287,0.125415,0.143853,0.141251,0.142160,0.140583
0.155026,0.134421,0.136962,0.131672,0.150751,0.145140,0.146028
0.155871,0.138710,0.129419,0.140798,0.143026,0.156088,0.136087
0.174650,0.134051,0.136108,0.124072,0.152536,0.141027,0.137554
0.160175,0.128760,0.133744,0.143573,0.140455,0.147591,0.145704
0.147035,0.142506,0.129815,0.144381,0.134969,0.151770,0.149525
0.130921,0.140383,0.137490,0.135303,0.152260,0.158619,0.145024
0.138499,0.140587,0.133481,0.140096,0.151187,0.154015,0.142134
0.139542,0.132854,0.143039,0.140394,0.149602,0.144669,0.149901
0.139992,0.144015,0.138386,0.144579,0.142550,0.141560,0.148918
0.153025,0.142345,0.134277,0.144662,0.139756,0.140916,0.145019
0.152818,0.143295,0.130243,0.138411,0.145812,0.152137,0.137282
0.144980,0.135698,0.147256,0.144400,0.149557,0.137014,0.141095
0.169681,0.136462,0.136699,0.132738,0.145479,0.141268,0.137673
0.143013,0.145463,0.127543,0.141408,0.146263,0.148727,0.147583
0.148621,0.139787,0.131419,0.149939,0.146398,0.149108,0.134728
0.155192,0.135683,0.130634,0.146689,0.140499,0.147044,0.144260
0.143398,0.147780,0.141977,0.130691,0.141531,0.150495,0.144129
0.148713,0.139323,0.131436,0.139836,0.149496,0.146563,0.144632
0.151373,0.144182,0.140051,0.137452,0.144139,0.146185,0.136617
0.146993,0.147651,0.141692,0.129352,0.150817,0.147560,0.135935
0.144983,0.128827,0.150212,0.146381,0.144715,0.152770,0.132112
0.168912,0.135658,0.135955,0.133902,0.148920,0.138599,0.138054
0.151759,0.139366,0.127097,0.143791,0.151835,0.143976,0.142177
0.139107,0.138010,0.139587,0.138607,0.150622,0.144162,0.149905
0.161235,0.138905,0.140474,0.132706,0.148261,0.144800,0.133619
0.141822,0.139942,0.136467,0.146667,0.139507,0.148507,0.147088
0.162951,0.142799,0.128082,0.141814,0.139709,0.148605,0.136040
0.148511,0.146071,0.130644,0.137176,0.145271,0.141519,0.150808
0.155308,0.132699,0.135679,0.134588,0.148142,0.156721,0.136863
0.166284,0.139382,0.135808,0.134232,0.140683,0.144910,0.138701
0.169402,0.138084,0.136212,0.130339,0.135896,0.146362,0.143705
0.144810,0.144014,0.138078,0.130015,0.155743,0.144311,0.143030
0.163566,0.145036,0.125977,0.129678,0.146458,0.151238,0.138048
0.169595,0.145462,0.128833,0.138141,0.131832,0.146798,0.139339
0.157573,0.138879,0.129147,0.138795,0.138349,0.149196,0.148061
0.146454,0.143868,0.134254,0.143549,0.149379,0.142136,0.140359
0.149415,0.133694,0.137497,0.141938,0.141413,0.160507,0.135536
0.144311,0.132249,0.138650,0.144607,0.152134,0.147330,0.140719
0.141582,0.152900,0.145886,0.132652,0.137842,0.157902,0.131236
0.159017,0.141976,0.136521,0.132475,0.135048,0.150815,0.144148
0.132756,0.148673,0.137673,0.142652,0.148056,0.143823,0.146368
0.150691,0.141909,0.137850,0.137984,0.148921,0.142062,0.140584
0.145584,0.147301,0.134155,0.146118,0.150565,0.132814,0.143463
0.136298,0.143516,0.137218,0.143776,0.155220,0.143681,0.140291
0.157728,0.133150,0.136745,0.138798,0.146727,0.137888,0.148964
0.152243,0.140713,0.121210,0.145296,0.143572,0.157017,0.139948
0.140847,0.140747,0.137494,0.137445,0.147789,0.152294,0.143385
0.141041,0.143029,0.123110,0.144378,0.143785,0.152873,0.151785
0.137206,0.147471,0.134508,0.142955,0.143890,0.143173,0.150795
0.144847,0.146695,0.132117,0.140114,0.149423,0.152823,0.133981
0.135978,0.150073,0.137501,0.137196,0.147444,0.149562,0.142247
0.152229,0.135750,0.139808,0.139090,0.152938,0.149711,0.130474
0.137241,0.145524,0.133367,0.145525,0.146891,0.147306,0.144145
0.140322,0.145280,0.133497,0.139481,0.158535,0.141802,0.141084
0.155070,0.127627,0.144237,0.132311,0.140821,0.158507,0.141427
0.136078,0.157679,0.126738,0.137802,0.149539,0.153878,0.138286
0.138753,0.147749,0.148559,0.136872,0.134807,0.148507,0.144752
0.135261,0.138684,0.139670,0.142868,0.145989,0.159042,0.138485
0.148720,0.141256,0.129898,0.134208,0.154465,0.152350,0.139103
0.157507,0.142030,0.133496,0.134203,0.154688,0.154753,0.123323
0.148309,0.141982,0.141220,0.129146,0.141985,0.149501,0.147856
0.139766,0.145511,0.135646,0.136544,0.147827,0.152106,0.142600
0.141848,0.138907,0.133321,0.142579,0.143096,0.154191,0.146057
0.146488,0.143464,0.132131,0.138813,0.140405,0.150477,0.148222
0.143849,0.138716,0.142720,0.131994,0.138819,0.155983,0.147919
0.166382,0.135774,0.135026,0.126111,0.152214,0.146828,0.137664
0.166096,0.139414,0.127134,0.138413,0.149984,0.146904,0.132054
0.141292,0.137281,0.134111,0.136440,0.156414,0.151940,0.142522
0.145412,0.148384,0.136987,0.147467,0.148155,0.146328,0.127267
0.129644,0.154568,0.130297,0.158894,0.146628,0.146795,0.133175
0.124742,0.156993,0.148382,0.134013,0.150078,0.148229,0.137563
0.144842,0.139639,0.135293,0.138423,0.151650,0.153133,0.137021
0.151410,0.131578,0.138974,0.138725,0.140332,0.152455,0.146527
0.138723,0.148246,0.139306,0.135928,0.141731,0.153067,0.142999
0.149874,0.143319,0.136092,0.138574,0.144065,0.137251,0.150824
0.151860,0.132346,0.139030,0.134696,0.150567,0.154587,0.136915
0.136064,0.156893,0.132223,0.144521,0.141992,0.150454,0.137853
0.141141,0.147988,0.142276,0.130906,0.139898,0.154964,0.142826
0.156946,0.143594,0.132699,0.137000,0.139351,0.144607,0.145802
0.163225,0.129630,0.138229,0.135836,0.142020,0.144012,0.147049
0.148906,0.139791,0.141572,0.143400,0.148822,0.137759,0.139750
0.146310,0.146050,0.140593,0.135860,0.148255,0.144421,0.138511
0.147344,0.140691,0.130728,0.134840,0.149954,0.151294,0.145150
0.151150,0.131635,0.145800,0.144738,0.129785,0.150367,0.146525
0.143898,0.147213,0.137904,0.148026,0.146321,0.138359,0.138279
0.158993,0.147114,0.131348,0.139682,0.148528,0.139641,0.134695
0.156142,0.127917,0.142556,0.133474,0.155786,0.154452,0.129673
0.157192,0.141164,0.141687,0.135835,0.142851,0.140253,0.141019
0.148683,0.149013,0.140714,0.144676,0.151314,0.136610,0.128990
0.137562,0.140520,0.141812,0.144030,0.138803,0.149927,0.147345
0.151161,0.146192,0.148030,0.130026,0.149832,0.140695,0.134063
0.160904,0.130967,0.139727,0.139441,0.135860,0.143461,0.149640
0.144177,0.132184,0.141369,0.141562,0.155593,0.139498,0.145617
0.133009,0.139169,0.139829,0.148666,0.151322,0.147522,0.140484
0.153980,0.147737,0.132813,0.134925,0.146885,0.144654,0.139006
0.159932,0.139949,0.136118,0.131861,0.148270,0.142508,0.141361
0.152227,0.143296,0.139042,0.124954,0.141250,0.154967,0.144263
0.156011,0.139297,0.148057,0.140072,0.137626,0.143366,0.135571
0.154158,0.145529,0.139269,0.137835,0.139015,0.139380,0.144814
0.166968,0.140953,0.134901,0.131420,0.140830,0.151372,0.133556
0.162942,0.141457,0.135592,0.143431,0.143103,0.142166,0.131309
0.151116,0.130734,0.144593,0.138786,0.146695,0.146518,0.141559
0.173372,0.126782,0.139874,0.130737,0.135706,0.151570,0.141958
0.169489,0.130904,0.129645,0.142438,0.142642,0.149244,0.135639
0.155596,0.140624,0.139136,0.132071,0.146990,0.148649,0.136934
0.152609,0.122795,0.139373,0.137832,0.146817,0.150939,0.149635
0.151324,0.129587,0.146712,0.141657,0.146243,0.150414,0.134063
0.152413,0.134202,0.131508,0.136258,0.152069,0.151664,0.141885
0.159712,0.136541,0.142945,0.145135,0.157709,0.131268,0.126689
0.142830,0.137611,0.142730,0.134922,0.144379,0.161877,0.135650
0.158949,0.142949,0.132501,0.136396,0.148763,0.146349,0.134092
0.161044,0.138323,0.141780,0.139601,0.144628,0.129815,0.144809
0.163770,0.143049,0.136768,0.143427,0.139421,0.138102,0.135464
0.159360,0.132871,0.138764,0.135736,0.140347,0.150185,0.142739
0.169600,0.137727,0.135584,0.133181,0.142639,0.142319,0.138949
0.160564,0.139136,0.129854,0.146302,0.140482,0.140672,0.142990
0.149494,0.140337,0.126374,0.157120,0.134866,0.148482,0.143328
0.162849,0.135083,0.140597,0.136172,0.138865,0.144525,0.141909
0.165075,0.136384,0.133056,0.129148,0.148693,0.145822,0.141821
0.164793,0.141497,0.142570,0.142329,0.145242,0.131452,0.132117
0.150232,0.144920,0.140865,0.135439,0.143767,0.141424,0.143354
0.160291,0.139789,0.148162,0.134554,0.146158,0.130149,0.140897
0.176092,0.138763,0.138478,0.130027,0.146998,0.133295,0.136348
0.158992,0.132056,0.141109,0.134765,0.135662,0.147685,0.149731
0.152434,0.137109,0.147643,0.144462,0.150473,0.134676,0.133202
0.171758,0.138839,0.139412,0.140108,0.144260,0.129247,0.136377
0.154624,0.144009,0.131220,0.142708,0.156941,0.137639,0.132858
0.160128,0.144155,0.129666,0.139860,0.143882,0.144654,0.137656
0.163954,0.133404,0.127350,0.140689,0.147249,0.145952,0.141401
0.144158,0.144613,0.144661,0.145053,0.143166,0.136914,0.141435
0.164803,0.130918,0.130721,0.143401,0.148094,0.139445,0.142618
0.162344,0.137808,0.150958,0.132598,0.144250,0.139618,0.132424
0.149353,0.127038,0.131106,0.140964,0.160880,0.140349,0.150310
0.150628,0.138230,0.136486,0.138234,0.156221,0.136817,0.143385
0.152539,0.139342,0.135098,0.140850,0.144959,0.137295,0.149918
0.152502,0.150014,0.136785,0.129844,0.135617,0.146184,0.149056
0.165701,0.134030,0.139205,0.138910,0.147698,0.135270,0.139185
0.138285,0.146122,0.140336,0.140807,0.152752,0.136154,0.145544
0.137776,0.151405,0.134295,0.135991,0.154028,0.143139,0.143366
0.159419,0.142261,0.130062,0.140896,0.141444,0.137749,0.148169
0.154300,0.140033,0.131914,0.139831,0.153297,0.137786,0.142838
0.148072,0.143958,0.141158,0.136952,0.140512,0.142274,0.147075
0.150779,0.139778,0.141797,0.145041,0.146893,0.137324,0.138389
0.160888,0.129066,0.132303,0.142447,0.149777,0.139579,0.145940
0.166865,0.130531,0.140605,0.135329,0.139951,0.126241,0.160478
0.158565,0.138929,0.140689,0.140029,0.142514,0.141643,0.137631
0.141788,0.139812,0.137648,0.148242,0.151492,0.138929,0.142089
0.153525,0.140987,0.133915,0.139268,0.149168,0.132884,0.150252
0.152907,0.133703,0.142515,0.143981,0.145705,0.140447,0.140741
0.140060,0.132054,0.129106,0.138152,0.152328,0.152071,0.156228
0.142356,0.143659,0.137512,0.141984,0.154527,0.131768,0.148195
0.158477,0.140944,0.137720,0.134603,0.151611,0.135012,0.141632
0.150941,0.152206,0.137304,0.135590,0.149229,0.126880,0.147850
0.148883,0.144207,0.138660,0.146407,0.146758,0.139003,0.136083
0.145190,0.149274,0.132041,0.138815,0.144450,0.135057,0.155173
0.143707,0.153804,0.127513,0.144328,0.144516,0.149573,0.136559
0.165632,0.144956,0.127042,0.131968,0.151686,0.131271,0.147444
0.148560,0.141553,0.136798,0.141312,0.149609,0.142184,0.139985
0.148075,0.141455,0.137265,0.145931,0.149443,0.139861,0.137971
0.151530,0.138847,0.146978,0.133813,0.145778,0.142276,0.140778
0.170431,0.140910,0.135343,0.140491,0.143694,0.129262,0.139868
0.138056,0.144674,0.138110,0.142452,0.149609,0.137368,0.149732
0.155497,0.144097,0.132302,0.138932,0.156228,0.136952,0.135994
0.156747,0.140846,0.132920,0.139384,0.147912,0.147116,0.135076
0.152104,0.141496,0.135631,0.147290,0.153766,0.131969,0.137744
0.152345,0.143541,0.146073,0.144932,0.143566,0.130880,0.138664
0.141295,0.150433,0.142894,0.134960,0.156523,0.132174,0.141722
0.161961,0.130333,0.145654,0.133656,0.150368,0.135288,0.142740
0.143220,0.146366,0.140675,0.136381,0.144544,0.143546,0.145268
0.149856,0.142849,0.144213,0.140691,0.146604,0.141805,0.133983
0.149035,0.145732,0.137904,0.136149,0.154223,0.142820,0.134137
0.165633,0.138881,0.140050,0.128725,0.149018,0.138728,0.138965
0.160704,0.138816,0.134320,0.141362,0.150723,0.140552,0.133523
0.130645,0.134262,0.138048,0.150614,0.164723,0.142913,0.138795
0.168578,0.144202,0.128605,0.136560,0.146879,0.131020,0.144156
0.159059,0.145064,0.129443,0.135359,0.148108,0.147161,0.135806
0.148509,0.149733,0.136131,0.144265,0.143122,0.132208,0.146033
0.163345,0.137974,0.134699,0.141980,0.154493,0.132396,0.135113
0.154314,0.141379,0.131879,0.139980,0.154978,0.132604,0.144865
0.147835,0.147169,0.134435,0.130442,0.158485,0.140684,0.140949
0.145589,0.135451,0.137888,0.147249,0.152203,0.135227,0.146392
0.130253,0.135344,0.138732,0.147065,0.142657,0.158619,0.147331
0.156045,0.148661,0.128811,0.134352,0.149601,0.140186,0.142345
0.142152,0.153988,0.136638,0.138324,0.150591,0.146881,0.131426
0.147896,0.128467,0.139524,0.141091,0.147878,0.143490,0.151652
0.137971,0.146414,0.144820,0.140760,0.148879,0.140053,0.141103
0.143612,0.143452,0.131124,0.141061,0.143301,0.152785,0.144666
0.149215,0.144166,0.142159,0.133935,0.151458,0.140650,0.138417
0.152307,0.147240,0.136233,0.138619,0.144064,0.137863,0.143674
0.134139,0.145573,0.138108,0.138092,0.154144,0.147542,0.142401
0.140900,0.140868,0.125455,0.142141,0.152328,0.152882,0.145425
0.155723,0.136595,0.125080,0.139098,0.149862,0.143803,0.149839
0.132514,0.153763,0.144990,0.136875,0.150878,0.145183,0.135797
0.124162,0.143470,0.139297,0.143186,0.155997,0.142887,0.151001
0.160891,0.146171,0.130606,0.137690,0.154680,0.135006,0.134957
0.150132,0.135221,0.137257,0.139321,0.150979,0.149618,0.137472
0.151366,0.144362,0.136700,0.134842,0.153757,0.140510,0.138463
0.153687,0.140613,0.132708,0.141682,0.152815,0.145286,0.133210
0.149969,0.139187,0.134421,0.150476,0.147367,0.139242,0.139338
0.131980,0.144376,0.141657,0.129023,0.157256,0.149053,0.146655
0.146095,0.157108,0.132483,0.137664,0.148214,0.137074,0.141363
0.151332,0.147599,0.145636,0.136137,0.146653,0.134243,0.138400
0.164785,0.140994,0.131303,0.132763,0.146586,0.138409,0.145160
0.160960,0.135118,0.128071,0.138780,0.162324,0.136555,0.138191
0.143404,0.135781,0.139591,0.139096,0.161626,0.136721,0.143782
0.157337,0.142388,0.130411,0.149183,0.142038,0.140267,0.138376
0.142562,0.139543,0.133440,0.136785,0.158610,0.140488,0.148572
0.156897,0.149421,0.130311,0.146668,0.136889,0.133532,0.146281
0.143548,0.141162,0.141596,0.140520,0.159265,0.134176,0.139733
0.157436,0.140756,0.132951,0.137344,0.148724,0.142648,0.140141
0.152304,0.133635,0.135866,0.146750,0.149220,0.141278,0.140946
0.138914,0.142191,0.132716,0.141588,0.153208,0.141631,0.149751
0.144316,0.148381,0.132541,0.140500,0.156536,0.128964,0.148761
0.153548,0.144961,0.134688,0.143113,0.153428,0.136770,0.133493
0.144535,0.141021,0.139704,0.134442,0.156989,0.140588,0.142721
0.149909,0.139588,0.137769,0.137857,0.159620,0.137348,0.137910
0.150459,0.141259,0.131264,0.131888,0.151620,0.151117,0.142393
0.150793,0.142159,0.134715,0.140429,0.152113,0.146150,0.133642
0.151736,0.134288,0.147788,0.138645,0.154997,0.132354,0.140192
0.146614,0.138978,0.136462,0.139618,0.142365,0.154137,0.141826
0.137852,0.140355,0.143405,0.145077,0.151247,0.143791,0.138273
0.140467,0.142064,0.148439,0.140364,0.153731,0.145786,0.129150
0.143498,0.158418,0.128747,0.131146,0.156467,0.134645,0.147080
0.135288,0.147271,0.143430,0.138093,0.148535,0.146406,0.140977
0.156758,0.149088,0.142950,0.125011,0.141970,0.141318,0.142906
0.147422,0.142169,0.143337,0.135770,0.152057,0.140497,0.138747
0.125413,0.144588,0.139103,0.134753,0.160300,0.155440,0.140403
0.137916,0.143859,0.126112,0.146021,0.153235,0.142558,0.150298
0.140880,0.149609,0.139865,0.138970,0.140686,0.148595,0.141395
0.118884,0.149342,0.149747,0.143310,0.147093,0.141111,0.150512
0.143334,0.158798,0.134149,0.137281,0.143234,0.146591,0.136612
0.135709,0.137828,0.146393,0.128356,0.152257,0.145946,0.153511
0.148216,0.138406,0.142417,0.133564,0.154674,0.135868,0.146854
0.142430,0.154196,0.138342,0.130697,0.155669,0.138761,0.139906
0.145780,0.139441,0.141102,0.147220,0.153206,0.139594,0.133657
0.145814,0.144169,0.131903,0.125815,0.152496,0.149974,0.149830
0.157890,0.137551,0.139969,0.129239,0.148397,0.146621,0.140333
0.170997,0.142527,0.130076,0.134359,0.145244,0.132876,0.143922
0.148457,0.131235,0.131809,0.138376,0.154011,0.158422,0.137691
0.141174,0.143803,0.133394,0.143041,0.142840,0.148595,0.147153
0.154929,0.153704,0.127379,0.140023,0.147622,0.133706,0.142637
0.157412,0.133207,0.139656,0.142590,0.141256,0.146466,0.139414
0.172616,0.133771,0.137667,0.132682,0.139736,0.139504,0.144025
0.146375,0.134118,0.127769,0.138819,0.156606,0.149118,0.147193
0.158307,0.146950,0.133248,0.138371,0.154418,0.135366,0.133339
0.151996,0.133039,0.138926,0.137303,0.156972,0.143183,0.138581
0.146475,0.142945,0.135958,0.138344,0.147934,0.137829,0.150516
0.146380,0.137546,0.150684,0.142118,0.139776,0.136265,0.147231
0.153803,0.136354,0.139520,0.139978,0.153351,0.130436,0.146556
0.169704,0.131400,0.142359,0.136233,0.138724,0.137746,0.143834
0.164681,0.136945,0.130203,0.141982,0.148559,0.129027,0.148603
0.134088,0.141379,0.140273,0.132184,0.159207,0.144899,0.147971
0.165751,0.139824,0.130811,0.140698,0.143495,0.138224,0.141197
0.151820,0.143839,0.138540,0.133896,0.148624,0.135819,0.147463
0.155357,0.134894,0.129912,0.127893,0.153544,0.138307,0.160094
0.170093,0.148762,0.131386,0.132034,0.142562,0.133319,0.141844
0.153380,0.137901,0.128137,0.152173,0.148685,0.130032,0.149692
0.150353,0.133908,0.140968,0.141804,0.153272,0.132752,0.146942
0.147012,0.144248,0.138285,0.134723,0.155326,0.135407,0.144998
0.159327,0.132767,0.136996,0.146983,0.144801,0.134581,0.144545
0.166424,0.130983,0.143999,0.128515,0.149328,0.140675,0.140076
0.147883,0.136385,0.136217,0.145046,0.151464,0.138543,0.144462
0.153518,0.146141,0.127657,0.136533,0.151307,0.141726,0.143119
0.149395,0.138102,0.140122,0.145032,0.144884,0.139766,0.142700
0.160056,0.146628,0.130919,0.129777,0.156535,0.135954,0.140131
0.164643,0.134839,0.138115,0.140205,0.144296,0.129714,0.148189
0.164158,0.138966,0.136733,0.135411,0.148998,0.127658,0.148077
0.164310,0.131975,0.135910,0.131892,0.158279,0.130466,0.147167
0.139259,0.146441,0.150407,0.141256,0.146694,0.125169,0.150775
0.175543,0.132515,0.130891,0.140794,0.146611,0.132772,0.140874
0.160055,0.136543,0.144381,0.128852,0.149603,0.130918,0.149647
0.173121,0.134317,0.133097,0.128998,0.152647,0.135127,0.142692
0.171401,0.134225,0.135447,0.130418,0.151960,0.132720,0.143828
0.166447,0.129029,0.136935,0.141944,0.146911,0.129121,0.149613
0.171725,0.132028,0.139559,0.127687,0.150181,0.132180,0.146639
0.162840,0.130391,0.141904,0.138992,0.136794,0.138798,0.150281
0.165455,0.132707,0.133325,0.134094,0.147974,0.135200,0.151244
0.161799,0.131181,0.133212,0.136919,0.162680,0.125749,0.148459
0.149411,0.135626,0.136192,0.138358,0.155226,0.136930,0.148258
0.162357,0.129949,0.141289,0.143118,0.147200,0.131354,0.144734
0.151428,0.129761,0.139890,0.140671,0.155984,0.132545,0.149720
0.157790,0.140726,0.132885,0.142419,0.153870,0.133464,0.138845
0.157904,0.132778,0.134697,0.135556,0.150201,0.137794,0.151069
0.165825,0.132802,0.131540,0.134301,0.165124,0.128951,0.141458
0.171419,0.145038,0.137812,0.132122,0.142435,0.129832,0.141343
0.174839,0.132531,0.128401,0.137886,0.140446,0.132482,0.153413
0.169172,0.135806,0.136732,0.135583,0.150117,0.132037,0.140552
0.178157,0.136631,0.135630,0.128322,0.143730,0.127398,0.150132
0.163986,0.139922,0.134898,0.146346,0.143906,0.119379,0.151563
0.177643,0.126252,0.132474,0.133597,0.148932,0.124361,0.156742
0.155894,0.140195,0.136385,0.133564,0.147429,0.138023,0.148510
0.169386,0.136078,0.130762,0.133250,0.147497,0.142222,0.140806
0.153993,0.137595,0.136643,0.139115,0.155534,0.143307,0.133813
0.155393,0.134164,0.139202,0.144312,0.151426,0.133551,0.141952
0.167352,0.135323,0.144618,0.131093,0.145737,0.139550,0.136326
0.150700,0.134206,0.138304,0.135994,0.149850,0.140446,0.150500
0.147826,0.121055,0.136348,0.146156,0.161505,0.139131,0.147978
0.159944,0.138114,0.135719,0.136092,0.151047,0.135354,0.143730
0.172517,0.139547,0.129612,0.133769,0.145236,0.137796,0.141523
0.153206,0.141185,0.137417,0.134381,0.147892,0.132132,0.153788
0.169286,0.130224,0.146927,0.142941,0.141843,0.133560,0.135219
0.183928,0.135894,0.126472,0.130815,0.153849,0.121132,0.147910
0.160460,0.141161,0.122960,0.145207,0.154986,0.133988,0.141238
0.142919,0.132701,0.151830,0.134179,0.156242,0.136079,0.146049
0.156374,0.138499,0.138341,0.137642,0.154690,0.132385,0.142069
0.163396,0.140304,0.150000,0.133218,0.149812,0.128534,0.134737
0.163324,0.143989,0.140922,0.138422,0.146495,0.125633,0.141216
0.164595,0.141791,0.135834,0.135076,0.156861,0.127209,0.138635
0.162521,0.139996,0.127823,0.138231,0.154729,0.131777,0.144922
0.172583,0.132368,0.138469,0.134445,0.148436,0.136269,0.137430
0.174191,0.137250,0.129157,0.141912,0.136870,0.133458,0.147162
0.176028,0.137576,0.134117,0.131049,0.145008,0.133140,0.143082
0.167916,0.135261,0.134461,0.136882,0.144912,0.134012,0.146556
0.171537,0.136690,0.130453,0.134230,0.150905,0.142401,0.133783
0.142084,0.136556,0.142328,0.141569,0.154943,0.124992,0.157528
0.159882,0.137032,0.132595,0.138183,0.156739,0.131672,0.143898
0.155774,0.136150,0.146182,0.138520,0.148416,0.139120,0.135838
0.146723,0.147767,0.141342,0.130780,0.152087,0.137124,0.144176
0.153128,0.139206,0.141087,0.134011,0.157397,0.131734,0.143437
0.158617,0.137930,0.143675,0.128105,0.151871,0.136168,0.143634
0.164452,0.135171,0.140931,0.134584,0.148957,0.130904,0.145000
0.168512,0.127098,0.135500,0.143600,0.147520,0.138433,0.139337
0.152607,0.132069,0.135755,0.135805,0.164140,0.135147,0.144477
0.151741,0.139617,0.139789,0.137998,0.152872,0.133487,0.144496
0.153830,0.151388,0.137604,0.128679,0.153520,0.127054,0.147925
0.157368,0.140561,0.145314,0.133151,0.156406,0.136864,0.130337
0.157375,0.139212,0.133086,0.136708,0.152702,0.134732,0.146186
0.166057,0.138805,0.138061,0.142237,0.150279,0.124323,0.140238
0.176613,0.137612,0.139286,0.131967,0.148607,0.129569,0.136346
0.161109,0.142692,0.148593,0.133022,0.147189,0.130536,0.136858
0.152373,0.160287,0.133741,0.135450,0.151814,0.132141,0.134195
0.168092,0.139757,0.136072,0.142522,0.148530,0.128214,0.136814
0.160746,0.133244,0.132019,0.140014,0.159050,0.137268,0.137660
0.128274,0.152034,0.137128,0.140493,0.157791,0.141597,0.142683
0.174047,0.139684,0.139505,0.130926,0.141110,0.127438,0.147290
0.149845,0.146623,0.135622,0.148591,0.152179,0.127922,0.139217
0.156967,0.147709,0.131534,0.137149,0.151302,0.138024,0.137316
0.148834,0.148560,0.138347,0.138211,0.154646,0.135296,0.136107
0.143494,0.148815,0.133414,0.145968,0.152325,0.130704,0.145280
0.168817,0.127777,0.136015,0.129248,0.144543,0.149494,0.144105
0.161340,0.129642,0.147685,0.137887,0.145519,0.130963,0.146963
0.153684,0.144283,0.133582,0.143802,0.154514,0.126755,0.143381
0.142800,0.142115,0.137672,0.135256,0.158216,0.134995,0.148946
0.146491,0.147871,0.142945,0.135542,0.161102,0.129857,0.136192
0.127837,0.154763,0.154628,0.132741,0.144792,0.142323,0.142917
0.155572,0.131316,0.138576,0.144041,0.149776,0.138983,0.141737
0.156020,0.140416,0.135308,0.140075,0.159184,0.130643,0.138354
0.142796,0.137786,0.135951,0.137594,0.146875,0.144994,0.154004
0.157286,0.151268,0.138304,0.139884,0.142265,0.127671,0.143323
0.155576,0.139655,0.135156,0.142572,0.150757,0.137368,0.138916
0.145280,0.141227,0.140235,0.136972,0.148412,0.131097,0.156777
0.153525,0.138553,0.130598,0.148162,0.145364,0.140534,0.143264
0.150641,0.132197,0.145476,0.139934,0.148722,0.138681,0.144350
0.142260,0.145469,0.140243,0.138214,0.149787,0.143049,0.140978
0.159073,0.138260,0.133804,0.137003,0.147240,0.135843,0.148776
0.130668,0.140947,0.137672,0.145801,0.157643,0.143878,0.143391
0.172173,0.132411,0.136946,0.133966,0.147139,0.137566,0.139799
0.155697,0.141650,0.134173,0.144860,0.142369,0.140946,0.140305
0.145523,0.145387,0.148496,0.136905,0.148409,0.141149,0.134129
0.150029,0.132582,0.143200,0.140182,0.154734,0.140641,0.138632
0.166028,0.128656,0.134917,0.136069,0.143476,0.145999,0.144854
0.139256,0.139816,0.139876,0.146607,0.145774,0.134691,0.153981
0.143919,0.137142,0.140605,0.143851,0.147707,0.148086,0.138691
0.138443,0.141082,0.138865,0.146113,0.151877,0.137019,0.146600
0.138107,0.141185,0.139125,0.139296,0.158191,0.143938,0.140159
0.151380,0.145364,0.138959,0.145167,0.143792,0.140140,0.135197
0.145065,0.147571,0.137583,0.142361,0.141079,0.143090,0.143251
0.150361,0.131801,0.145261,0.140814,0.148580,0.140565,0.142618
0.145974,0.126200,0.148858,0.135503,0.155428,0.147656,0.140381
0.136523,0.154026,0.141642,0.139461,0.158677,0.132300,0.137371
0.127434,0.139634,0.137342,0.144517,0.158085,0.139458,0.153529
0.148747,0.143982,0.143619,0.137624,0.152161,0.133327,0.140540
0.140145,0.141189,0.157441,0.146374,0.133590,0.141437,0.139825
0.146478,0.140204,0.151759,0.138670,0.149050,0.139386,0.134453
0.156584,0.148460,0.135688,0.148968,0.133614,0.130488,0.146199
0.138973,0.141502,0.144088,0.140363,0.146227,0.141373,0.147474
0.138838,0.140662,0.146698,0.146729,0.146342,0.130130,0.150601
0.135855,0.136091,0.143686,0.144669,0.144276,0.146614,0.148810
0.171749,0.140808,0.134351,0.139552,0.144611,0.135136,0.133794
0.153623,0.140153,0.141164,0.143543,0.152726,0.133423,0.135369
0.155968,0.127258,0.135513,0.142570,0.158860,0.141847,0.137985
0.143517,0.150545,0.149496,0.143148,0.138504,0.133438,0.141353
0.158122,0.144397,0.140305,0.139908,0.143867,0.131980,0.141421
0.160956,0.143873,0.140354,0.134179,0.143174,0.139109,0.138355
0.157841,0.142257,0.132765,0.140411,0.148028,0.134944,0.143755
0.135785,0.144899,0.134485,0.144097,0.153793,0.146747,0.140193
0.155913,0.142347,0.135365,0.133370,0.146519,0.142583,0.143902
0.153461,0.140435,0.142730,0.131940,0.150609,0.142544,0.138280
0.150944,0.141238,0.141703,0.131789,0.152946,0.138763,0.142617
0.145354,0.144634,0.144408,0.142245,0.154095,0.131296,0.137968
0.143811,0.140833,0.139400,0.139861,0.165112,0.119778,0.151205
0.153414,0.146117,0.143645,0.141262,0.145574,0.131950,0.138038
0.159168,0.139121,0.134058,0.136011,0.146074,0.140861,0.144708
0.142273,0.143579,0.136960,0.143369,0.148593,0.137767,0.147460
0.141164,0.151541,0.138335,0.138854,0.147555,0.142926,0.139625
0.166164,0.142495,0.135890,0.139600,0.139630,0.136621,0.139600
0.149217,0.140721,0.141202,0.142125,0.145558,0.137508,0.143669
0.153404,0.142673,0.139355,0.151321,0.142872,0.127984,0.142391
0.144587,0.138818,0.135027,0.145498,0.150753,0.131402,0.153916
0.156374,0.141951,0.136543,0.142831,0.149144,0.140015,0.133143
0.170213,0.145574,0.138620,0.131346,0.144967,0.135081,0.134198
0.162309,0.137275,0.139395,0.141665,0.147453,0.133754,0.138149
0.157903,0.137907,0.134702,0.140727,0.155458,0.133581,0.139721
0.150900,0.139227,0.138857,0.137529,0.142735,0.134193,0.156558
0.159729,0.137464,0.146242,0.143455,0.143903,0.129488,0.139719
0.161001,0.137850,0.133100,0.139064,0.142196,0.149927,0.136861
0.141247,0.136858,0.154063,0.141356,0.139827,0.137841,0.148808
0.147926,0.150277,0.132011,0.139477,0.150940,0.138314,0.141056
0.153241,0.134396,0.147529,0.135266,0.142642,0.140096,0.146829
0.162609,0.134764,0.146021,0.135197,0.141336,0.137521,0.142553
0.151578,0.152241,0.137968,0.142989,0.146571,0.133742,0.134911
0.157426,0.139261,0.128192,0.138374,0.140542,0.149692,0.146512
0.146062,0.129106,0.150037,0.141280,0.146730,0.138139,0.148645
0.149871,0.140688,0.138191,0.144920,0.144684,0.138640,0.143005
0.165512,0.143173,0.128424,0.134638,0.145133,0.143501,0.139619
0.148210,0.136408,0.141001,0.135379,0.151094,0.144776,0.143133
0.156561,0.134306,0.144301,0.149535,0.147354,0.133651,0.134293
0.164091,0.135008,0.140556,0.131555,0.148036,0.134335,0.146419
0.158395,0.131530,0.149102,0.126922,0.151109,0.138656,0.144286
0.152827,0.138361,0.144690,0.143742,0.152389,0.136377,0.131614
0.153865,0.142963,0.134439,0.149714,0.146200,0.138630,0.134190
0.167019,0.133973,0.135326,0.137605,0.150564,0.136355,0.139158
0.172930,0.136883,0.143422,0.130380,0.148027,0.125588,0.142770
0.147743,0.145906,0.134472,0.139720,0.150849,0.139590,0.141720
0.179611,0.125420,0.139360,0.132749,0.151499,0.137124,0.134237
0.158418,0.132960,0.135377,0.134123,0.148908,0.143517,0.146698
0.181989,0.135653,0.134998,0.134107,0.142309,0.132201,0.138743
0.145394,0.142966,0.142606,0.150263,0.144114,0.127479,0.147178
0.168279,0.137171,0.137151,0.135551,0.154578,0.138220,0.129050
0.141378,0.143546,0.146281,0.155602,0.142807,0.128194,0.142192
0.170991,0.142895,0.128446,0.127700,0.154968,0.124265,0.150735
0.154113,0.140183,0.136458,0.134274,0.146629,0.138075,0.150268
0.173738,0.139919,0.138436,0.129267,0.141891,0.125370,0.151380
0.159758,0.140461,0.135775,0.139867,0.138211,0.143135,0.142793
0.172285,0.135585,0.128809,0.135397,0.154271,0.130298,0.143355
0.149007,0.139795,0.133987,0.141033,0.151022,0.139537,0.145619
0.150372,0.146932,0.134255,0.133275,0.154751,0.138295,0.142120
0.165982,0.137876,0.129590,0.140976,0.156020,0.140447,0.129108
0.151400,0.147225,0.138245,0.132751,0.156003,0.134381,0.139995
0.151008,0.142913,0.132684,0.135721,0.157325,0.139436,0.140913
0.172724,0.132454,0.137040,0.137774,0.142919,0.124839,0.152250
0.167464,0.139027,0.129032,0.133399,0.151441,0.131795,0.147842
0.154649,0.142098,0.133904,0.137140,0.151672,0.139019,0.141519
0.146992,0.142198,0.136385,0.137181,0.160829,0.136359,0.140056
0.159290,0.134209,0.144286,0.135795,0.155625,0.132282,0.138512
0.150486,0.149330,0.139094,0.131462,0.143756,0.149083,0.136789
0.144421,0.142082,0.140915,0.146205,0.147621,0.136510,0.142247
0.158127,0.133689,0.137200,0.140800,0.145078,0.138895,0.146212
0.174271,0.134703,0.149919,0.127675,0.144633,0.132940,0.135859
0.153738,0.147026,0.146877,0.139599,0.142243,0.131547,0.138969
0.165668,0.138928,0.134483,0.136653,0.153188,0.126232,0.144850
0.176230,0.127430,0.132664,0.131459,0.148569,0.140389,0.143260
0.161324,0.138984,0.128563,0.138061,0.152025,0.144710,0.136333
0.146252,0.146559,0.148586,0.132576,0.144804,0.134904,0.146320
0.160640,0.143336,0.135889,0.137744,0.142143,0.133829,0.146419
0.138620,0.127630,0.132313,0.140678,0.163921,0.140543,0.156295
0.158148,0.144596,0.133302,0.138735,0.147476,0.138983,0.138760
0.170267,0.153737,0.134823,0.133363,0.144866,0.127219,0.135726
0.148061,0.141161,0.143398,0.130503,0.148200,0.145976,0.142701
0.162581,0.139476,0.127567,0.140479,0.131902,0.139477,0.158517
0.162870,0.141704,0.147864,0.134511,0.145679,0.123025,0.144347
0.168051,0.143853,0.124136,0.141805,0.139438,0.139097,0.143621
0.172438,0.141734,0.132113,0.128630,0.146902,0.135220,0.142963
0.156827,0.137246,0.127944,0.145127,0.144816,0.141720,0.146321
0.160170,0.138920,0.133208,0.139184,0.152598,0.139246,0.136673
0.164085,0.136504,0.128346,0.136150,0.150285,0.142605,0.142024
0.151822,0.148088,0.138841,0.138005,0.147876,0.134550,0.140818
0.157182,0.141397,0.140405,0.138297,0.155195,0.129845,0.137680
0.163110,0.138431,0.140479,0.135308,0.156879,0.127469,0.138323
0.146846,0.145412,0.141867,0.138144,0.149160,0.134970,0.143601
