1.000000,0.000000,0.000000,0.000000,0.000000,0.000000,0.000000
0.078043,0.217973,0.084622,0.142701,0.254274,0.091952,0.130435
0.082287,0.213349,0.086997,0.143333,0.244798,0.095745,0.133491
0.072392,0.221615,0.078933,0.142749,0.264810,0.090689,0.128811
0.072623,0.225954,0.077096,0.142386,0.265083,0.088711,0.128147
0.074884,0.227242,0.079417,0.141444,0.260918,0.088302,0.127793
0.073834,0.229772,0.075103,0.142753,0.260664,0.090011,0.127863
0.070403,0.233661,0.072470,0.142175,0.269079,0.087473,0.124739
0.070478,0.226043,0.077132,0.142048,0.268974,0.088333,0.126991
0.073757,0.222452,0.081541,0.141573,0.263123,0.089744,0.127810
0.078422,0.218316,0.087713,0.140848,0.253816,0.092055,0.128830
0.075506,0.220135,0.085118,0.141464,0.258837,0.090790,0.128149
0.078199,0.219554,0.087779,0.140904,0.253568,0.091450,0.128546
0.082405,0.219433,0.090940,0.140819,0.244922,0.092228,0.129253
0.082993,0.223385,0.091159,0.140158,0.244033,0.090994,0.127277
0.085081,0.225019,0.088515,0.140467,0.240169,0.092769,0.127980
0.085739,0.224476,0.086771,0.141714,0.237646,0.093496,0.130159
0.082818,0.227603,0.083075,0.142700,0.242502,0.091968,0.129333
0.073518,0.233174,0.072544,0.143246,0.260130,0.090765,0.126623
0.070142,0.234970,0.070009,0.143447,0.266567,0.090100,0.124766
0.069167,0.235817,0.068828,0.143167,0.268913,0.090011,0.124098
0.068307,0.236469,0.067723,0.143099,0.270994,0.088970,0.124438
0.069296,0.235318,0.068654,0.143548,0.268904,0.088640,0.125638
0.067333,0.235644,0.067442,0.143828,0.272959,0.088055,0.124738
0.069495,0.236084,0.066855,0.145039,0.267425,0.088916,0.126185
0.072309,0.247184,0.062396,0.144215,0.261810,0.088434,0.123652
0.069317,0.249405,0.060196,0.143520,0.267765,0.086912,0.122885
0.069517,0.251866,0.059493,0.142929,0.267571,0.086850,0.121774
0.069137,0.253374,0.059649,0.141645,0.269685,0.086226,0.120285
0.068922,0.254479,0.058265,0.142760,0.268900,0.086126,0.120548
0.070697,0.256956,0.062944,0.138197,0.270152,0.082066,0.118990
0.067741,0.230814,0.082330,0.137930,0.276579,0.083559,0.121047
0.066128,0.227202,0.085890,0.137417,0.280927,0.082868,0.119569
0.064564,0.220287,0.087810,0.137560,0.285209,0.083681,0.120889
0.061231,0.228747,0.077660,0.140203,0.289315,0.083134,0.119711
0.060118,0.227241,0.075123,0.141942,0.290059,0.084256,0.121260
0.058116,0.232438,0.069797,0.142038,0.294145,0.082951,0.120515
0.058562,0.225875,0.071544,0.142417,0.293241,0.085035,0.123325
0.058343,0.224944,0.071601,0.142739,0.294457,0.085130,0.122786
0.057457,0.223692,0.076342,0.140885,0.298582,0.083531,0.119511
0.055276,0.213666,0.080613,0.141472,0.304312,0.083995,0.120665
0.054282,0.204538,0.081812,0.142365,0.307524,0.085605,0.123873
0.055105,0.200477,0.087848,0.140614,0.310489,0.084249,0.121218
0.055310,0.195391,0.090103,0.141244,0.308626,0.086665,0.122661
0.058132,0.191395,0.095104,0.141195,0.300198,0.089774,0.124201
0.057401,0.194047,0.097292,0.138889,0.306416,0.085831,0.120125
0.061442,0.191629,0.105391,0.137365,0.297046,0.086799,0.120329
0.061812,0.181348,0.109443,0.139021,0.297250,0.089415,0.121711
0.061632,0.185105,0.106885,0.139111,0.295951,0.089242,0.122074
0.061072,0.181887,0.107335,0.139346,0.298599,0.089535,0.122226
0.062067,0.178200,0.105156,0.141327,0.294314,0.092984,0.125953
0.061300,0.185521,0.103981,0.139228,0.299758,0.087887,0.122326
0.062764,0.179650,0.110634,0.138931,0.297397,0.089141,0.121483
0.060761,0.178451,0.104948,0.141215,0.299536,0.091147,0.123941
0.059297,0.182888,0.102686,0.140158,0.304380,0.088538,0.122053
0.059905,0.180972,0.104704,0.140204,0.302716,0.089286,0.122213
0.059318,0.175453,0.101093,0.143188,0.302453,0.092333,0.126163
0.058019,0.178709,0.097460,0.143853,0.302982,0.092375,0.126602
0.057280,0.179745,0.097899,0.143080,0.305942,0.091121,0.124933
0.055327,0.181849,0.096099,0.142546,0.311609,0.089261,0.123309
0.056150,0.184059,0.097082,0.141494,0.309033,0.089218,0.122964
0.053020,0.193490,0.090488,0.140531,0.317770,0.084808,0.119892
0.050237,0.198021,0.083620,0.141074,0.324734,0.082566,0.119749
0.048746,0.194117,0.084138,0.141780,0.328151,0.083172,0.119896
0.048341,0.198095,0.081778,0.140808,0.330217,0.081489,0.119273
0.048062,0.196249,0.082469,0.140988,0.331907,0.081266,0.119059
0.048602,0.197441,0.082847,0.140624,0.330896,0.080900,0.118690
0.051156,0.204492,0.080438,0.140818,0.322336,0.080676,0.120082
0.051825,0.204414,0.082570,0.140593,0.320957,0.080472,0.119169
0.051844,0.201782,0.086230,0.139645,0.322060,0.080701,0.117739
0.050663,0.201219,0.083726,0.140498,0.325154,0.080572,0.118169
0.049908,0.203145,0.082788,0.139657,0.328287,0.079137,0.117077
0.052363,0.197431,0.085059,0.141518,0.320686,0.082452,0.120491
0.051359,0.204416,0.080361,0.141607,0.321212,0.081084,0.119961
0.049535,0.205001,0.079375,0.141236,0.325778,0.080289,0.118788
0.048652,0.201700,0.079820,0.141055,0.329731,0.080319,0.118723
0.048626,0.206851,0.078517,0.140643,0.328562,0.079534,0.117267
0.046405,0.203876,0.077345,0.140280,0.334411,0.079592,0.118091
0.045995,0.203709,0.077564,0.140021,0.335577,0.079566,0.117567
0.046379,0.202109,0.077916,0.140638,0.334095,0.080242,0.118621
0.046305,0.199098,0.079318,0.140804,0.335609,0.080391,0.118475
0.046231,0.197459,0.079876,0.141007,0.336015,0.080666,0.118745
0.046976,0.198378,0.081563,0.140792,0.333674,0.081094,0.117524
0.047433,0.196426,0.082565,0.140501,0.333273,0.081716,0.118084
0.048205,0.199139,0.079642,0.141188,0.329768,0.082180,0.119879
0.046107,0.204602,0.076464,0.140149,0.336237,0.079130,0.117310
0.046755,0.202340,0.077561,0.141314,0.334134,0.079862,0.118035
0.047576,0.199957,0.078692,0.141614,0.332024,0.080996,0.119141
0.048509,0.197972,0.077768,0.143455,0.325425,0.084066,0.122806
0.050993,0.200470,0.081816,0.141254,0.323230,0.082509,0.119729
0.052391,0.204237,0.080830,0.141924,0.316244,0.083781,0.120594
0.051265,0.209646,0.080045,0.139639,0.320160,0.081520,0.117724
0.052488,0.209318,0.079615,0.139856,0.315520,0.083861,0.119342
0.050340,0.209585,0.079094,0.139301,0.321783,0.082744,0.117155
0.047555,0.214317,0.077807,0.138008,0.331016,0.079005,0.112291
0.048764,0.210275,0.076744,0.139927,0.323604,0.083302,0.117384
0.047879,0.212107,0.077538,0.138081,0.329385,0.080438,0.114572
0.048658,0.215654,0.072828,0.140935,0.322286,0.081890,0.117749
0.048248,0.214602,0.078389,0.139165,0.327164,0.079841,0.112591
0.047981,0.204188,0.081527,0.139297,0.328887,0.081802,0.116319
0.049887,0.200445,0.083942,0.140225,0.324491,0.082888,0.118122
0.048787,0.200035,0.084240,0.139441,0.327663,0.082503,0.117331
0.049968,0.191036,0.087259,0.141429,0.321812,0.086969,0.121526
0.049931,0.189618,0.090343,0.140661,0.321947,0.087473,0.120026
0.050916,0.188077,0.096177,0.139671,0.321699,0.086510,0.116950
0.051774,0.187105,0.097351,0.139824,0.318146,0.087800,0.118002
0.049921,0.193511,0.088087,0.140866,0.319212,0.087725,0.120678
0.049163,0.196540,0.086250,0.141315,0.322185,0.085664,0.118883
0.046698,0.193346,0.081782,0.142122,0.330062,0.083834,0.122156
0.044942,0.198753,0.079129,0.140931,0.335950,0.080937,0.119358
0.043528,0.205822,0.074819,0.139560,0.340030,0.078311,0.117929
0.043989,0.204021,0.077505,0.139856,0.338722,0.079078,0.116830
0.044545,0.201649,0.078868,0.139995,0.337143,0.080299,0.117501
0.046902,0.195884,0.081797,0.141544,0.329662,0.083598,0.120614
0.051462,0.188207,0.087527,0.144078,0.318249,0.087127,0.123350
0.047554,0.190940,0.082429,0.143541,0.328613,0.084368,0.122555
0.047529,0.189953,0.083775,0.143015,0.329484,0.084451,0.121794
0.047556,0.187537,0.084086,0.143188,0.329290,0.085250,0.123093
0.046450,0.193506,0.081287,0.142411,0.333086,0.082693,0.120566
0.046363,0.195265,0.080124,0.142192,0.333684,0.082079,0.120292
0.046382,0.191907,0.081028,0.142578,0.332823,0.083310,0.121971
0.046159,0.196639,0.076733,0.142605,0.331249,0.083134,0.123481
0.045428,0.205712,0.075491,0.141141,0.335404,0.079599,0.117224
0.047961,0.199392,0.078823,0.142081,0.325717,0.084624,0.121401
0.048086,0.204530,0.072565,0.142353,0.323685,0.084086,0.124694
0.045518,0.215422,0.063321,0.141673,0.330379,0.078880,0.124805
0.046232,0.221420,0.059537,0.143151,0.324973,0.079084,0.125604
0.045561,0.225140,0.058526,0.142716,0.326988,0.077837,0.123233
0.044117,0.223658,0.059624,0.141392,0.335037,0.075278,0.120894
0.044530,0.223073,0.060474,0.141804,0.332890,0.076161,0.121069
0.045221,0.220152,0.061318,0.142520,0.330302,0.077537,0.122950
0.044084,0.223936,0.058509,0.141838,0.334091,0.075260,0.122283
0.043116,0.228287,0.058726,0.139971,0.340052,0.072401,0.117448
0.043458,0.225911,0.059349,0.140701,0.338917,0.072958,0.118705
0.041786,0.226002,0.057830,0.139453,0.344083,0.071753,0.119095
0.041759,0.222736,0.059117,0.140421,0.344865,0.071706,0.119396
0.043469,0.220609,0.058061,0.142686,0.336148,0.074833,0.124194
0.041971,0.223542,0.058479,0.140593,0.343626,0.072082,0.119706
0.043274,0.222082,0.058133,0.141834,0.338386,0.073721,0.122570
0.041501,0.229860,0.053928,0.139478,0.342869,0.071042,0.121323
0.041313,0.233361,0.053920,0.140003,0.342534,0.070388,0.118482
0.041820,0.226905,0.056293,0.140130,0.341038,0.072126,0.121688
0.042762,0.220403,0.058631,0.140695,0.337613,0.075042,0.124853
0.041800,0.224495,0.057314,0.140021,0.339968,0.073762,0.122641
0.040886,0.230300,0.055577,0.139265,0.343767,0.071146,0.119059
0.041013,0.227667,0.055798,0.139629,0.343302,0.071476,0.121114
0.040493,0.227978,0.055245,0.139042,0.344994,0.071114,0.121134
0.040128,0.234186,0.052535,0.138025,0.345369,0.069852,0.119904
0.040755,0.236653,0.052016,0.138044,0.342555,0.070583,0.119393
0.040194,0.236646,0.052173,0.138013,0.344339,0.069952,0.118683
0.040920,0.238268,0.051734,0.137714,0.341728,0.070876,0.118760
0.040725,0.237521,0.051654,0.137604,0.342990,0.070408,0.119099
0.040637,0.237329,0.052107,0.138106,0.342562,0.070434,0.118824
0.043107,0.241910,0.049921,0.138206,0.332243,0.072412,0.122201
0.044924,0.261920,0.046952,0.133274,0.324146,0.072519,0.116266
0.044321,0.261819,0.045047,0.133298,0.326299,0.071359,0.117857
0.043413,0.263966,0.043835,0.133151,0.328456,0.070178,0.117001
0.042538,0.257317,0.046324,0.132984,0.334564,0.070116,0.116156
0.047676,0.268928,0.042491,0.133915,0.317478,0.073677,0.115835
0.045474,0.273049,0.042214,0.131811,0.328227,0.070110,0.109114
0.045396,0.269846,0.043664,0.133263,0.329262,0.070244,0.108324
0.045235,0.266103,0.043959,0.133244,0.329059,0.071230,0.111169
0.045713,0.269657,0.043745,0.133170,0.327905,0.070859,0.108951
0.046435,0.269482,0.043739,0.132955,0.326076,0.071680,0.109633
0.047152,0.271980,0.042354,0.133158,0.324506,0.071577,0.109274
0.046888,0.272509,0.041095,0.133310,0.325327,0.070753,0.110119
0.046511,0.274041,0.040370,0.132045,0.325745,0.070314,0.110974
0.046348,0.275239,0.040103,0.131732,0.326782,0.069832,0.109964
0.046732,0.276214,0.040107,0.131494,0.326104,0.069974,0.109375
0.047572,0.269609,0.041668,0.133346,0.324004,0.072019,0.111783
0.046351,0.272599,0.040964,0.133152,0.327941,0.070216,0.108777
0.045770,0.271034,0.040675,0.132143,0.329557,0.069983,0.110837
0.043682,0.275446,0.039430,0.130916,0.336685,0.066877,0.106964
0.045387,0.272105,0.041068,0.133562,0.331449,0.069294,0.107136
0.045991,0.270403,0.040981,0.133341,0.329890,0.070075,0.109319
0.046291,0.270490,0.041235,0.133679,0.328717,0.070545,0.109042
0.045710,0.269097,0.042214,0.134040,0.329584,0.070751,0.108605
0.046118,0.269530,0.041464,0.133598,0.328339,0.070876,0.110075
0.045094,0.272249,0.040928,0.133434,0.332079,0.068970,0.107246
0.046338,0.270436,0.041742,0.133715,0.328983,0.070763,0.108023
0.046473,0.270464,0.042080,0.134015,0.328606,0.071055,0.107306
0.046007,0.270076,0.042311,0.133799,0.329978,0.070809,0.107020
0.045225,0.270312,0.042366,0.133241,0.332455,0.070047,0.106353
0.047549,0.270680,0.041918,0.134315,0.325141,0.071647,0.108751
0.044665,0.269307,0.042973,0.132444,0.333050,0.069738,0.107823
0.044553,0.271934,0.042132,0.131830,0.334433,0.068731,0.106387
0.044823,0.272421,0.042076,0.130723,0.334890,0.068751,0.106317
0.044837,0.272181,0.041558,0.130075,0.336027,0.068465,0.106857
0.044133,0.273724,0.041398,0.130196,0.337984,0.067571,0.104994
0.044568,0.274354,0.041391,0.130044,0.336771,0.067799,0.105073
0.045577,0.274299,0.041460,0.129503,0.334761,0.068459,0.105942
0.046011,0.275504,0.040874,0.129849,0.333686,0.068396,0.105680
0.046073,0.277098,0.040746,0.129472,0.334806,0.067830,0.103975
0.047240,0.287910,0.039928,0.128139,0.331222,0.066384,0.099176
0.047909,0.292047,0.039622,0.127022,0.327434,0.066660,0.099307
0.046823,0.286327,0.040217,0.127649,0.332382,0.066496,0.100105
0.047176,0.283174,0.040708,0.127469,0.332219,0.067424,0.101829
0.047491,0.285061,0.040266,0.127818,0.332341,0.066913,0.100109
0.046550,0.279909,0.041461,0.128352,0.338115,0.066297,0.099315
0.047415,0.279826,0.041760,0.127940,0.335722,0.066896,0.100441
0.047838,0.281928,0.042157,0.127120,0.335329,0.066407,0.099221
0.047860,0.282064,0.042362,0.127219,0.336041,0.065921,0.098532
0.048453,0.284428,0.042244,0.126927,0.333327,0.066004,0.098618
0.048389,0.286292,0.042979,0.125434,0.333905,0.065242,0.097758
0.048245,0.279164,0.044091,0.126479,0.337208,0.065637,0.099176
0.048444,0.276987,0.044487,0.127869,0.336422,0.066216,0.099575
0.048459,0.275561,0.044958,0.127384,0.336847,0.066438,0.100353
0.048745,0.271807,0.045229,0.130209,0.335185,0.067798,0.101028
0.049064,0.272436,0.045935,0.129547,0.334667,0.068045,0.100306
0.048998,0.269772,0.046492,0.129895,0.335587,0.068116,0.101140
0.049273,0.273181,0.046423,0.131003,0.333751,0.067499,0.098870
0.049713,0.271492,0.047811,0.130147,0.333366,0.067804,0.099667
0.050521,0.270034,0.048014,0.130928,0.330881,0.069243,0.100380
0.050893,0.269682,0.048454,0.132569,0.328582,0.070911,0.098909
0.050913,0.268831,0.048830,0.132040,0.328987,0.071264,0.099135
0.052479,0.269987,0.049498,0.133572,0.323757,0.072391,0.098317
0.057711,0.270445,0.050913,0.135336,0.309641,0.076308,0.099648
0.060886,0.272884,0.051535,0.134317,0.302946,0.077162,0.100269
0.057881,0.273705,0.051473,0.133947,0.309450,0.074790,0.098755
0.060293,0.266681,0.057546,0.135052,0.302595,0.075196,0.102637
0.057821,0.271750,0.053779,0.134016,0.309515,0.073444,0.099675
0.055996,0.272292,0.055133,0.129686,0.317416,0.069599,0.099877
0.054386,0.271646,0.054814,0.132793,0.318969,0.069080,0.098311
0.055272,0.270562,0.053059,0.133280,0.315330,0.072808,0.099689
0.052896,0.274658,0.051379,0.134283,0.320436,0.070495,0.095851
0.051961,0.275617,0.050833,0.132924,0.323449,0.070748,0.094467
0.050774,0.274312,0.051985,0.132283,0.327076,0.069363,0.094208
0.051220,0.265046,0.054644,0.131138,0.329137,0.069712,0.099103
0.050442,0.263768,0.053746,0.131746,0.331722,0.069999,0.098577
0.049442,0.265704,0.052456,0.132064,0.334928,0.069135,0.096272
0.050491,0.263712,0.052639,0.131038,0.334522,0.071205,0.096392
0.052774,0.260480,0.054329,0.131945,0.328388,0.072773,0.099310
0.051375,0.262867,0.053863,0.133214,0.328766,0.072055,0.097859
0.051408,0.263922,0.053072,0.133013,0.327865,0.072395,0.098325
0.051126,0.268432,0.051741,0.133390,0.326969,0.072259,0.096082
0.049506,0.271878,0.049939,0.131419,0.333269,0.071365,0.092624
0.050722,0.271954,0.050981,0.132682,0.328024,0.072643,0.092994
0.052010,0.270879,0.051259,0.133951,0.323526,0.073984,0.094392
0.050932,0.273308,0.049345,0.132799,0.327008,0.072520,0.094089
0.051732,0.274739,0.047139,0.131395,0.326382,0.071656,0.096957
0.051714,0.277912,0.046569,0.132446,0.325741,0.069866,0.095752
0.048481,0.276971,0.046925,0.129017,0.337535,0.066543,0.094527
0.050026,0.285705,0.045366,0.129981,0.329856,0.066455,0.092612
0.052736,0.278387,0.049692,0.128598,0.324188,0.070427,0.095971
0.052517,0.276292,0.048634,0.126666,0.327195,0.069959,0.098737
0.051173,0.288116,0.045204,0.130637,0.326428,0.066210,0.092232
0.052087,0.292168,0.046737,0.124177,0.324565,0.066297,0.093969
0.051847,0.306316,0.046236,0.122856,0.322131,0.062778,0.087836
0.055536,0.319639,0.046108,0.117101,0.307811,0.065580,0.088226
0.060474,0.346590,0.043807,0.112125,0.288691,0.065776,0.082536
0.063072,0.334974,0.047475,0.107875,0.294055,0.067101,0.085449
0.064336,0.329496,0.051505,0.103745,0.307725,0.061501,0.081692
0.071550,0.310219,0.060396,0.102812,0.309017,0.063076,0.082930
0.078434,0.286245,0.065718,0.096790,0.311602,0.066509,0.094702
0.074409,0.293575,0.063458,0.089634,0.340131,0.053839,0.084953
0.086833,0.259087,0.067057,0.079602,0.349216,0.053085,0.105119
0.075050,0.269293,0.058427,0.073069,0.382163,0.041216,0.100783
0.069647,0.277036,0.056474,0.071319,0.394395,0.039014,0.092116
0.072714,0.276714,0.059608,0.072586,0.388416,0.040775,0.089186
0.078459,0.277805,0.058737,0.077450,0.363516,0.043235,0.100798
0.068368,0.290962,0.056925,0.079124,0.372992,0.042209,0.089420
0.068965,0.313675,0.056863,0.092260,0.331440,0.054243,0.082553
0.065584,0.315854,0.057183,0.097579,0.322227,0.057874,0.083699
0.062649,0.323380,0.054531,0.092286,0.337815,0.051176,0.078162
0.065478,0.309441,0.055905,0.086074,0.351223,0.048672,0.083207
0.059793,0.325352,0.051756,0.087887,0.351468,0.046112,0.077631
0.061688,0.316656,0.051808,0.082321,0.366166,0.041926,0.079435
0.068514,0.297174,0.055500,0.079990,0.366397,0.043741,0.088685
0.064883,0.304453,0.052323,0.078952,0.373152,0.040442,0.085795
0.066470,0.306769,0.052348,0.081796,0.361371,0.044427,0.086819
0.062587,0.326192,0.048576,0.086030,0.353719,0.044030,0.078867
0.062204,0.316489,0.051379,0.083818,0.361396,0.044608,0.080107
0.060856,0.322495,0.051491,0.086816,0.354218,0.046718,0.077407
0.064160,0.305796,0.052811,0.082968,0.363549,0.044274,0.086442
0.061423,0.303199,0.052358,0.081655,0.373546,0.041504,0.086315
0.059034,0.303785,0.051667,0.080966,0.379610,0.039094,0.085845
0.060286,0.294650,0.053762,0.081480,0.379407,0.038323,0.092092
0.055996,0.318765,0.047702,0.082408,0.376436,0.038036,0.080656
0.055856,0.318295,0.047504,0.081424,0.379414,0.037048,0.080458
0.057416,0.314889,0.047955,0.080003,0.381409,0.037070,0.081258
0.059949,0.305009,0.050454,0.079998,0.379623,0.038389,0.086577
0.057722,0.311916,0.049138,0.080148,0.381300,0.038002,0.081774
0.060302,0.299016,0.052415,0.079601,0.381542,0.039007,0.088117
0.057922,0.303760,0.051107,0.078424,0.387677,0.037982,0.083130
0.059628,0.306418,0.050720,0.079330,0.381983,0.039299,0.082621
0.061212,0.305844,0.053931,0.083410,0.368147,0.043887,0.083568
0.055977,0.312421,0.053072,0.084026,0.373916,0.041935,0.078653
0.057128,0.309375,0.053330,0.083000,0.375447,0.042081,0.079639
0.057208,0.301794,0.054483,0.080097,0.383622,0.040959,0.081837
0.055767,0.304716,0.053794,0.080671,0.384720,0.040379,0.079954
0.054667,0.301485,0.054299,0.079851,0.390420,0.039028,0.080251
0.055152,0.303694,0.055388,0.081540,0.383818,0.041265,0.079144
0.055500,0.301363,0.056423,0.082496,0.381115,0.042497,0.080607
0.054909,0.296672,0.056436,0.081438,0.387585,0.040492,0.082468
0.055088,0.297625,0.055550,0.081461,0.387912,0.040000,0.082363
0.056972,0.291136,0.056754,0.079456,0.390848,0.039884,0.084951
0.060156,0.283157,0.059549,0.079060,0.387138,0.041702,0.089238
0.058450,0.291512,0.057451,0.078758,0.387807,0.041717,0.084306
0.058190,0.299289,0.056260,0.081407,0.379437,0.044001,0.081416
0.056969,0.304543,0.054701,0.082447,0.379171,0.043003,0.079166
0.060457,0.291832,0.059047,0.082801,0.375497,0.045031,0.085335
0.058155,0.299182,0.056942,0.084502,0.374190,0.044156,0.082873
0.058796,0.293563,0.058415,0.083182,0.377128,0.044171,0.084745
0.059334,0.299106,0.058021,0.085956,0.368658,0.046131,0.082794
0.063660,0.290128,0.060944,0.086194,0.361908,0.048561,0.088606
0.060300,0.301696,0.058116,0.088125,0.360534,0.048523,0.082705
0.062054,0.295190,0.059902,0.086863,0.361899,0.048620,0.085473
0.059727,0.298369,0.059046,0.086767,0.365035,0.047887,0.083170
0.060169,0.299434,0.059215,0.087804,0.360466,0.049470,0.083443
0.057544,0.308889,0.057281,0.091616,0.353121,0.050435,0.081113
0.056548,0.314209,0.055551,0.095272,0.345316,0.051030,0.082074
0.054121,0.315261,0.055986,0.102255,0.336140,0.053011,0.083227
0.049146,0.314289,0.055691,0.105647,0.340867,0.052423,0.081936
0.049447,0.315231,0.055901,0.103998,0.342695,0.051325,0.081402
0.050096,0.311521,0.057233,0.101763,0.346373,0.050059,0.082954
0.053198,0.310921,0.056591,0.097442,0.350875,0.048129,0.082843
0.050923,0.311611,0.057303,0.098010,0.351828,0.049261,0.081063
0.052280,0.306901,0.058590,0.097151,0.351690,0.049690,0.083699
0.049184,0.311005,0.057417,0.101019,0.349671,0.049233,0.082471
0.047944,0.311262,0.057289,0.099028,0.356127,0.047619,0.080731
0.047352,0.311577,0.057453,0.099429,0.356102,0.047655,0.080431
0.048160,0.311892,0.057167,0.099659,0.354126,0.047927,0.081070
0.048157,0.310404,0.056912,0.096859,0.359660,0.047181,0.080827
0.046228,0.310708,0.057051,0.097674,0.362742,0.046329,0.079268
0.048845,0.305502,0.058315,0.096358,0.361942,0.046586,0.082452
0.048396,0.303669,0.058856,0.094732,0.366578,0.046188,0.081581
0.047900,0.307289,0.057851,0.094732,0.366666,0.045586,0.079975
0.047756,0.307598,0.058041,0.097365,0.360228,0.047326,0.081685
0.047314,0.306442,0.058281,0.097553,0.361965,0.046275,0.082170
0.045309,0.310313,0.057424,0.098758,0.362925,0.045547,0.079725
0.044210,0.312340,0.057050,0.098950,0.363952,0.045301,0.078196
0.043473,0.308930,0.058316,0.099792,0.364829,0.045419,0.079242
0.045302,0.309508,0.056675,0.096888,0.366610,0.045133,0.079884
0.044614,0.310218,0.055866,0.095332,0.371904,0.043844,0.078223
0.045877,0.305309,0.056795,0.094621,0.373028,0.043560,0.080810
0.047232,0.301832,0.057020,0.093014,0.375565,0.043241,0.082096
0.047726,0.301742,0.056869,0.093785,0.374676,0.042810,0.082392
0.049841,0.295084,0.058528,0.091652,0.375769,0.044150,0.084975
0.048596,0.300905,0.057198,0.093172,0.372860,0.044899,0.082371
0.050540,0.294170,0.058640,0.091257,0.375734,0.044477,0.085182
0.050675,0.292848,0.058745,0.090615,0.377856,0.043877,0.085383
0.050335,0.293062,0.058986,0.091178,0.376651,0.044117,0.085671
0.048815,0.299133,0.057379,0.092635,0.375186,0.043670,0.083183
0.048618,0.299242,0.057414,0.092409,0.375575,0.043825,0.082917
0.049809,0.306504,0.055444,0.092555,0.369393,0.045037,0.081256
0.047900,0.326080,0.051669,0.092575,0.360163,0.048638,0.072976
0.047033,0.319405,0.053240,0.090991,0.368648,0.047421,0.073261
0.047465,0.322542,0.052817,0.090908,0.365183,0.048359,0.072726
0.047059,0.320540,0.053407,0.090744,0.367466,0.048016,0.072767
0.047648,0.310741,0.055594,0.088857,0.374696,0.047184,0.075280
0.048554,0.280777,0.062830,0.087184,0.390942,0.044679,0.085034
0.046064,0.279467,0.063220,0.088951,0.394945,0.042856,0.084498
0.046936,0.276714,0.063982,0.088890,0.394113,0.043154,0.086211
0.046111,0.283671,0.062348,0.090368,0.390004,0.044239,0.083259
0.046167,0.279587,0.063688,0.090270,0.391442,0.044320,0.084526
0.046463,0.279438,0.063552,0.089665,0.391989,0.044272,0.084621
0.048913,0.274615,0.065225,0.089600,0.387541,0.045638,0.088468
0.048820,0.282194,0.062928,0.090603,0.383158,0.046672,0.085625
0.049396,0.275123,0.065096,0.089505,0.386101,0.046278,0.088502
0.048942,0.270731,0.066438,0.089318,0.389614,0.045261,0.089696
0.049026,0.270023,0.066671,0.089162,0.389870,0.045122,0.090126
0.049320,0.269496,0.066395,0.088408,0.390876,0.044989,0.090515
0.048209,0.270224,0.065908,0.088110,0.394399,0.044074,0.089077
0.048556,0.269973,0.066246,0.088125,0.393011,0.044872,0.089218
0.048223,0.269677,0.066611,0.088544,0.393179,0.044786,0.088979
0.049651,0.262757,0.069404,0.088624,0.391335,0.045275,0.092954
0.050649,0.261915,0.070322,0.089763,0.386608,0.046456,0.094288
0.049708,0.265177,0.068879,0.089839,0.388063,0.046173,0.092163
0.049016,0.265358,0.068664,0.089666,0.390011,0.045784,0.091502
0.047607,0.270592,0.066157,0.089928,0.391862,0.045106,0.088748
0.047232,0.271196,0.065498,0.088958,0.394288,0.044871,0.087957
0.049378,0.264544,0.068394,0.089372,0.390489,0.045333,0.092491
0.051202,0.256055,0.071894,0.088582,0.388901,0.045317,0.098049
0.049153,0.261188,0.069061,0.088470,0.394081,0.044104,0.093943
0.049922,0.268353,0.065852,0.088228,0.391327,0.044686,0.091631
0.051071,0.265636,0.067074,0.086820,0.390689,0.045285,0.093425
0.050970,0.264410,0.066949,0.085205,0.394727,0.044315,0.093423
0.050587,0.263303,0.067375,0.084998,0.395832,0.044349,0.093556
0.050704,0.266891,0.066163,0.085501,0.394179,0.044679,0.091884
0.050893,0.266491,0.066337,0.084786,0.394762,0.044693,0.092038
0.050811,0.266839,0.066285,0.084809,0.394144,0.045427,0.091685
0.050547,0.266916,0.066488,0.085772,0.393368,0.045301,0.091607
0.050903,0.271099,0.065065,0.085888,0.391079,0.045878,0.090088
0.052348,0.270241,0.065381,0.084980,0.388756,0.046931,0.091363
0.052962,0.274308,0.063874,0.085045,0.386435,0.047318,0.090058
0.052581,0.266936,0.066044,0.083802,0.392124,0.045321,0.093190
0.050948,0.265653,0.066436,0.084465,0.395614,0.044154,0.092730
0.051176,0.270579,0.064406,0.084487,0.394530,0.044052,0.090770
0.051208,0.265717,0.065839,0.082854,0.398566,0.043274,0.092542
0.050920,0.264041,0.067094,0.084399,0.396473,0.043552,0.093522
0.050851,0.265231,0.067333,0.086615,0.392100,0.044482,0.093387
0.050898,0.263895,0.067679,0.086262,0.393301,0.044124,0.093841
0.051544,0.262974,0.068180,0.086953,0.390832,0.044294,0.095223
0.051114,0.263404,0.067763,0.086715,0.392150,0.044109,0.094745
0.050725,0.266797,0.066131,0.085880,0.393840,0.044023,0.092604
0.051209,0.263476,0.067818,0.086340,0.391953,0.044615,0.094589
0.052287,0.265281,0.066719,0.086126,0.390402,0.044462,0.094721
0.051908,0.261164,0.068531,0.085876,0.392203,0.044108,0.096212
0.051810,0.262276,0.068141,0.086190,0.391709,0.044167,0.095706
0.050166,0.266258,0.066468,0.086631,0.394140,0.043825,0.092512
0.050875,0.259489,0.069693,0.087760,0.392298,0.043493,0.096392
0.050214,0.258815,0.069504,0.087198,0.395899,0.042126,0.096244
0.049842,0.259510,0.069189,0.087283,0.396792,0.041809,0.095574
0.052238,0.256722,0.070858,0.087407,0.390435,0.043152,0.099189
0.050569,0.260444,0.069245,0.088283,0.393019,0.042223,0.096217
0.051237,0.261639,0.068756,0.088496,0.391324,0.042146,0.096402
0.050660,0.259605,0.069382,0.087469,0.394448,0.041937,0.096498
0.051319,0.258500,0.069712,0.086902,0.393690,0.042320,0.097558
0.051535,0.260002,0.069366,0.087453,0.391686,0.042743,0.097215
0.048802,0.268306,0.065856,0.086811,0.395957,0.043441,0.090827
0.049430,0.264137,0.067258,0.086076,0.397217,0.042850,0.093032
0.048887,0.259494,0.068818,0.085153,0.401501,0.041703,0.094444
0.049752,0.254485,0.070402,0.083813,0.403742,0.040349,0.097457
0.049870,0.250790,0.071986,0.083262,0.404381,0.040775,0.098935
0.049993,0.256530,0.069232,0.082662,0.404329,0.040765,0.096489
0.049767,0.260619,0.067482,0.082374,0.404070,0.041347,0.094341
0.049230,0.263598,0.066546,0.083339,0.402821,0.041618,0.092848
0.047781,0.267436,0.065509,0.084866,0.402587,0.042014,0.089806
0.046713,0.267500,0.065759,0.085779,0.403451,0.042050,0.088748
0.047303,0.266718,0.066042,0.085581,0.402163,0.042409,0.089783
0.047462,0.289830,0.059628,0.088286,0.386175,0.047390,0.081228
0.050158,0.284526,0.061254,0.086893,0.382601,0.049385,0.085184
0.050140,0.277610,0.062975,0.086398,0.386762,0.048243,0.087872
0.049678,0.274758,0.063768,0.086528,0.389404,0.047146,0.088717
0.050000,0.275427,0.063763,0.086391,0.387652,0.047864,0.088903
0.050170,0.280228,0.062515,0.087945,0.382451,0.049146,0.087544
0.049193,0.283704,0.061769,0.089429,0.381313,0.048901,0.085691
0.050476,0.283303,0.061865,0.090309,0.377079,0.049682,0.087286
0.051141,0.277526,0.063724,0.088912,0.379196,0.049568,0.089932
0.050584,0.277940,0.063423,0.089203,0.381089,0.048464,0.089298
0.051245,0.285836,0.061100,0.089705,0.374520,0.050475,0.087118
0.050958,0.293361,0.059008,0.091066,0.369348,0.051561,0.084699
0.050178,0.290366,0.059881,0.090992,0.373216,0.050477,0.084889
0.049355,0.290151,0.059921,0.091579,0.375122,0.049613,0.084259
0.051359,0.277293,0.063872,0.090530,0.377071,0.049424,0.090451
0.050846,0.274258,0.064986,0.090978,0.379219,0.048628,0.091085
0.050998,0.273125,0.065860,0.091824,0.377593,0.048833,0.091767
0.051732,0.274578,0.066128,0.094553,0.370792,0.049761,0.092456
0.051252,0.275847,0.065416,0.094238,0.372393,0.049464,0.091390
0.050010,0.278505,0.064440,0.094284,0.373967,0.049518,0.089277
0.051015,0.274774,0.065886,0.094147,0.372785,0.049827,0.091566
0.051125,0.276419,0.065101,0.093931,0.372895,0.049570,0.090959
0.051246,0.273562,0.066500,0.094034,0.373072,0.049483,0.092102
0.051253,0.273303,0.066714,0.094364,0.372622,0.049383,0.092360
0.050653,0.276792,0.065187,0.094642,0.373065,0.049031,0.090630
0.052069,0.267362,0.069430,0.094626,0.372068,0.049367,0.095079
0.051565,0.268530,0.068958,0.095213,0.372588,0.048772,0.094374
0.051251,0.267743,0.068913,0.094284,0.375048,0.048578,0.094182
0.048330,0.273208,0.066056,0.093067,0.382855,0.047383,0.089101
0.048489,0.272136,0.066603,0.092479,0.382650,0.047825,0.089816
0.048789,0.267575,0.068916,0.094083,0.381288,0.047367,0.091982
0.049489,0.266812,0.069443,0.094402,0.379116,0.047795,0.092944
0.049525,0.265425,0.069803,0.093624,0.380513,0.047775,0.093336
0.050036,0.263223,0.070751,0.093473,0.379944,0.048077,0.094497
0.051309,0.265076,0.070109,0.094192,0.375477,0.048839,0.094999
0.050048,0.265459,0.069047,0.091927,0.381911,0.048338,0.093270
0.050923,0.265243,0.069219,0.091862,0.379762,0.048872,0.094119
0.051313,0.265683,0.068379,0.090594,0.381572,0.048354,0.094105
0.052744,0.263006,0.070152,0.091329,0.376635,0.049402,0.096732
0.053350,0.263986,0.069754,0.091789,0.374702,0.049420,0.096998
0.053404,0.262677,0.070898,0.092986,0.372961,0.049337,0.097737
0.052787,0.262180,0.070976,0.092687,0.375209,0.048862,0.097300
0.052518,0.262038,0.070494,0.091401,0.378189,0.048252,0.097108
0.055658,0.258891,0.072840,0.093062,0.368483,0.049512,0.101554
0.056859,0.259494,0.073956,0.096664,0.362115,0.048991,0.101922
0.064256,0.259034,0.076637,0.102960,0.335595,0.054463,0.107055
0.059738,0.258954,0.075563,0.100333,0.350681,0.050568,0.104162
0.059793,0.260421,0.074975,0.100735,0.348887,0.051463,0.103726
0.059236,0.262712,0.074111,0.102089,0.347990,0.051553,0.102309
0.067669,0.262286,0.077498,0.113440,0.314291,0.059202,0.105615
0.059017,0.259294,0.076377,0.103796,0.347936,0.050667,0.102914
0.062822,0.255863,0.079747,0.108024,0.333148,0.054548,0.105850
0.060979,0.256761,0.078626,0.106173,0.339929,0.052775,0.104757
0.059023,0.256498,0.077897,0.104920,0.347537,0.050311,0.103814
0.056085,0.262119,0.073913,0.102765,0.356809,0.048218,0.100090
0.054804,0.264729,0.071940,0.101107,0.362029,0.046912,0.098480
0.053708,0.265808,0.071238,0.101229,0.364118,0.046717,0.097183
0.054481,0.267205,0.071021,0.102144,0.360087,0.047868,0.097193
0.052694,0.269755,0.069594,0.101418,0.364652,0.046707,0.095180
0.054696,0.269258,0.070478,0.102566,0.357439,0.048921,0.096642
0.053465,0.268684,0.070102,0.100750,0.363530,0.047546,0.095923
0.054763,0.267692,0.070932,0.101800,0.359021,0.048428,0.097363
0.054497,0.268246,0.070862,0.102499,0.358680,0.048205,0.097011
0.053429,0.270356,0.069650,0.101775,0.361798,0.047458,0.095536
0.054047,0.271097,0.069311,0.101853,0.359947,0.048025,0.095720
0.054629,0.271366,0.069414,0.102981,0.357276,0.048300,0.096034
0.054687,0.272048,0.069170,0.103306,0.356569,0.048183,0.096038
0.053209,0.272336,0.068477,0.101443,0.362581,0.046846,0.095108
0.051132,0.279321,0.065914,0.101634,0.363900,0.046514,0.091585
0.054375,0.278572,0.067101,0.105204,0.351443,0.049112,0.094192
0.052576,0.279689,0.066105,0.102229,0.359085,0.047737,0.092580
0.051102,0.280526,0.065162,0.099246,0.365343,0.047316,0.091304
0.051704,0.284194,0.064705,0.101031,0.357580,0.049064,0.091721
0.049134,0.287145,0.063676,0.101363,0.361912,0.047234,0.089536
0.049379,0.286185,0.064124,0.101141,0.361965,0.047407,0.089799
0.050392,0.285754,0.064794,0.102644,0.357433,0.048460,0.090524
0.048654,0.287016,0.064305,0.102656,0.360789,0.047365,0.089215
0.047819,0.287562,0.064271,0.102827,0.360640,0.047567,0.089316
0.047399,0.287788,0.064010,0.102555,0.361422,0.047404,0.089423
0.048721,0.287177,0.064166,0.101739,0.359939,0.048113,0.090145
0.044565,0.289315,0.062878,0.102052,0.367696,0.046235,0.087259
0.046739,0.288253,0.063972,0.102603,0.361452,0.047430,0.089551
0.044649,0.290126,0.063136,0.103782,0.363618,0.046606,0.088082
0.044178,0.290181,0.063140,0.104666,0.362733,0.046704,0.088398
0.042931,0.290540,0.062629,0.104984,0.364399,0.046555,0.087962
0.045613,0.291242,0.063356,0.106295,0.355606,0.048007,0.089882
0.047290,0.291920,0.063781,0.106454,0.352406,0.048372,0.089776
0.047850,0.291642,0.064223,0.107047,0.349197,0.049144,0.090897
0.045745,0.292970,0.063639,0.107593,0.352918,0.047859,0.089276
0.050339,0.294304,0.063908,0.108636,0.340687,0.050551,0.091574
0.052715,0.296028,0.064135,0.111769,0.331538,0.052252,0.091562
0.049334,0.296053,0.063158,0.108950,0.344331,0.048895,0.089279
0.046751,0.298153,0.061961,0.107873,0.351042,0.046972,0.087249
0.048796,0.291819,0.063114,0.104807,0.353884,0.048245,0.089334
0.050826,0.292982,0.063214,0.106240,0.346092,0.049863,0.090782
0.049632,0.293057,0.062948,0.105720,0.349846,0.049017,0.089780
0.048359,0.293748,0.062297,0.104566,0.354250,0.048178,0.088602
0.048845,0.294193,0.062856,0.106551,0.349487,0.048784,0.089284
0.047398,0.295486,0.062509,0.106710,0.351161,0.048154,0.088582
0.047434,0.296380,0.062514,0.107645,0.348725,0.048413,0.088888
0.047273,0.296308,0.062257,0.107201,0.351374,0.047670,0.087917
0.047600,0.295166,0.062454,0.106566,0.352310,0.047697,0.088208
0.048340,0.294969,0.062986,0.107715,0.349124,0.048204,0.088663
0.050235,0.294699,0.063680,0.109300,0.342770,0.049630,0.089686
0.046929,0.295972,0.062733,0.107956,0.351666,0.047167,0.087577
0.047517,0.293838,0.063443,0.107580,0.351575,0.047782,0.088265
0.046479,0.294522,0.063133,0.107475,0.353206,0.047290,0.087894
0.046737,0.292318,0.063374,0.106048,0.355974,0.047307,0.088242
0.045815,0.292612,0.063056,0.105649,0.358760,0.046571,0.087536
0.045514,0.291283,0.063094,0.104719,0.361994,0.046148,0.087248
0.045913,0.290165,0.063030,0.103596,0.364193,0.045869,0.087234
0.045794,0.289242,0.062908,0.102437,0.366532,0.045868,0.087219
0.044102,0.290361,0.062458,0.102789,0.368796,0.045123,0.086372
0.042025,0.288372,0.062250,0.101230,0.376577,0.044474,0.085071
0.040386,0.289274,0.062153,0.102608,0.377399,0.043825,0.084355
0.040212,0.288867,0.062199,0.102322,0.378392,0.043788,0.084221
0.041866,0.285821,0.062511,0.099947,0.380170,0.044524,0.085161
0.043097,0.284046,0.062819,0.098585,0.380319,0.045161,0.085973
0.042118,0.286991,0.061818,0.098994,0.380985,0.044776,0.084317
0.042557,0.286864,0.061745,0.098497,0.381094,0.044965,0.084279
0.042189,0.290234,0.060589,0.098344,0.380404,0.045199,0.083042
0.043094,0.288729,0.061116,0.097992,0.379823,0.045369,0.083876
0.043443,0.287598,0.061476,0.097356,0.380308,0.045599,0.084221
0.041929,0.288788,0.061253,0.098897,0.380698,0.044760,0.083675
0.042223,0.291922,0.060310,0.099667,0.377386,0.045174,0.083317
0.042016,0.292870,0.059989,0.098279,0.379684,0.045279,0.081884
0.042116,0.293272,0.059946,0.098652,0.378642,0.045298,0.082075
0.042625,0.290351,0.060779,0.097735,0.380122,0.045451,0.082938
0.042096,0.290536,0.060657,0.098046,0.380988,0.045119,0.082558
0.042185,0.291232,0.060410,0.097808,0.381080,0.045177,0.082108
0.042545,0.294356,0.059252,0.097951,0.379073,0.045570,0.081253
0.044118,0.291120,0.060219,0.096345,0.379309,0.046200,0.082688
0.043328,0.290059,0.060629,0.097108,0.380406,0.045589,0.082880
0.042260,0.293544,0.059645,0.098574,0.378633,0.045419,0.081925
0.041636,0.293398,0.059789,0.099215,0.378718,0.045125,0.082120
0.040693,0.295064,0.059369,0.100427,0.377969,0.044818,0.081661
0.040963,0.295288,0.059377,0.100330,0.377437,0.044907,0.081699
0.040658,0.296952,0.058993,0.101567,0.374910,0.045032,0.081888
0.040046,0.298168,0.058504,0.101532,0.375828,0.044879,0.081043
0.039705,0.298619,0.058316,0.102374,0.374755,0.044968,0.081264
0.040087,0.296202,0.058895,0.101955,0.375155,0.045302,0.082404
0.040306,0.298506,0.058230,0.101441,0.374876,0.045480,0.081161
0.039920,0.297448,0.058612,0.101559,0.376151,0.045001,0.081308
0.038623,0.296815,0.058642,0.102447,0.377865,0.044444,0.081164
0.038290,0.295147,0.059254,0.103068,0.378692,0.044004,0.081544
0.038182,0.294238,0.059508,0.102881,0.379738,0.043874,0.081579
0.037757,0.294673,0.059331,0.103561,0.379395,0.043744,0.081540
0.037941,0.295298,0.059125,0.102844,0.379730,0.043866,0.081196
0.038960,0.292936,0.060126,0.102199,0.379416,0.043938,0.082425
0.038768,0.292636,0.060267,0.102364,0.379945,0.043718,0.082302
0.038857,0.291147,0.060970,0.102987,0.379298,0.043563,0.083177
0.039176,0.289446,0.061549,0.102243,0.380401,0.043603,0.083582
0.037632,0.289070,0.061634,0.103046,0.383083,0.042865,0.082670
0.037245,0.287693,0.061772,0.102901,0.384612,0.042868,0.082909
0.036849,0.288109,0.061634,0.103083,0.385470,0.042552,0.082302
0.036308,0.287529,0.061853,0.103879,0.385954,0.042226,0.082250
0.036251,0.285897,0.062202,0.104003,0.386242,0.042331,0.083073
0.036241,0.288017,0.061363,0.103957,0.385794,0.042417,0.082211
0.038353,0.287505,0.062308,0.103207,0.381194,0.043123,0.084310
0.037472,0.288030,0.062114,0.103723,0.382953,0.042521,0.083188
0.038157,0.289201,0.061377,0.101922,0.383892,0.042899,0.082552
0.037352,0.289638,0.061321,0.102688,0.384581,0.042487,0.081933
0.037745,0.287551,0.062052,0.102448,0.384741,0.042492,0.082972
0.037863,0.285996,0.062455,0.102141,0.385986,0.042360,0.083198
0.038395,0.285026,0.062852,0.101815,0.385778,0.042453,0.083680
0.038499,0.285118,0.062874,0.101586,0.385596,0.042600,0.083726
0.039082,0.284643,0.063007,0.101385,0.384870,0.042913,0.084101
0.039633,0.284844,0.063259,0.101827,0.382595,0.043134,0.084708
0.039534,0.284048,0.063234,0.101255,0.384516,0.042852,0.084562
0.039956,0.281645,0.063701,0.100172,0.386811,0.042825,0.084890
0.039424,0.281093,0.063352,0.099109,0.390483,0.042548,0.083991
0.038468,0.281618,0.063038,0.099787,0.391654,0.042036,0.083399
0.039682,0.283049,0.062560,0.097891,0.391109,0.042657,0.083051
0.040054,0.281586,0.063150,0.098035,0.390567,0.042805,0.083803
0.039540,0.282458,0.063039,0.099291,0.388793,0.042759,0.084119
0.038413,0.283410,0.062957,0.100280,0.389677,0.042067,0.083195
0.036174,0.283347,0.062410,0.100961,0.394406,0.041202,0.081500
0.037068,0.282324,0.062702,0.100081,0.393755,0.041642,0.082427
0.036591,0.282805,0.062332,0.100049,0.394810,0.041586,0.081827
0.034975,0.284774,0.061834,0.102905,0.393389,0.041004,0.081120
0.035442,0.284870,0.061916,0.102091,0.393323,0.041192,0.081166
0.036390,0.284580,0.062049,0.100961,0.392870,0.041571,0.081578
0.037590,0.284578,0.062417,0.101104,0.389479,0.041974,0.082859
0.038817,0.284817,0.062596,0.100369,0.387746,0.042512,0.083143
0.038439,0.286449,0.062271,0.101171,0.386947,0.042285,0.082438
0.038198,0.286509,0.061961,0.100590,0.388317,0.042339,0.082086
0.037177,0.288099,0.061332,0.101166,0.389150,0.041985,0.081093
0.037497,0.287947,0.061445,0.101184,0.388356,0.042087,0.081484
0.038704,0.287947,0.061422,0.100622,0.386576,0.042739,0.081989
0.039157,0.289669,0.061050,0.100805,0.384920,0.042962,0.081437
0.039782,0.288857,0.061723,0.101343,0.383133,0.043055,0.082108
0.039924,0.288469,0.061847,0.101191,0.383323,0.043042,0.082203
0.039982,0.287153,0.061971,0.100262,0.385738,0.042865,0.082031
0.040134,0.285716,0.062113,0.099339,0.388105,0.042693,0.081900
0.039015,0.289169,0.061110,0.100253,0.387538,0.042263,0.080651
0.039350,0.288440,0.061348,0.099759,0.387546,0.042385,0.081171
0.038083,0.290791,0.060770,0.100671,0.387912,0.041800,0.079973
0.037938,0.290924,0.060906,0.101312,0.386919,0.041777,0.080225
0.037903,0.290207,0.061279,0.101776,0.386116,0.041796,0.080922
0.038009,0.290376,0.061334,0.101908,0.385435,0.041836,0.081103
0.038150,0.290342,0.061411,0.101966,0.385067,0.041845,0.081218
0.038282,0.289500,0.061640,0.101680,0.385382,0.042017,0.081499
0.039146,0.288367,0.062316,0.102060,0.383712,0.042076,0.082323
0.039985,0.287692,0.062526,0.101763,0.382910,0.042356,0.082768
0.040113,0.287164,0.062722,0.101772,0.382954,0.042380,0.082896
0.041905,0.286073,0.063351,0.101973,0.379480,0.043043,0.084176
0.041880,0.285413,0.063374,0.101465,0.381265,0.042798,0.083805
0.042505,0.282978,0.063963,0.100704,0.382587,0.042877,0.084386
0.042173,0.283017,0.063769,0.100332,0.383600,0.042858,0.084251
0.041814,0.283712,0.063646,0.100715,0.383185,0.042779,0.084149
0.041103,0.286518,0.062933,0.101456,0.381924,0.042485,0.083581
0.041478,0.286756,0.063041,0.101636,0.380572,0.042718,0.083799
0.040159,0.289906,0.062446,0.102878,0.379417,0.042284,0.082911
0.039661,0.290981,0.062360,0.103370,0.378628,0.042274,0.082727
