1.000000,0.000000,0.000000,0.000000,0.000000,0.000000,0.000000
0.123025,0.206580,0.100812,0.144193,0.177296,0.110323,0.137772
0.127308,0.200486,0.101963,0.145492,0.170210,0.114488,0.140052
0.118744,0.208106,0.098798,0.143474,0.184005,0.109355,0.137518
0.119028,0.213545,0.095764,0.143417,0.183980,0.107295,0.136970
0.119431,0.215474,0.096200,0.143296,0.183002,0.106376,0.136221
0.119724,0.214781,0.094018,0.144113,0.182713,0.107996,0.136656
0.117805,0.218090,0.093614,0.142208,0.188305,0.105619,0.134359
0.115936,0.212050,0.097896,0.142778,0.188333,0.106671,0.136337
0.118597,0.209363,0.099919,0.143132,0.184289,0.108276,0.136424
0.121366,0.205568,0.103559,0.143207,0.179711,0.110146,0.136443
0.118452,0.207443,0.102362,0.143552,0.183109,0.108799,0.136284
0.119968,0.207686,0.102674,0.143897,0.180361,0.109261,0.136154
0.122222,0.208876,0.102112,0.145172,0.175641,0.109772,0.136205
0.121833,0.213284,0.101100,0.144917,0.176614,0.108041,0.134212
0.125744,0.212827,0.098816,0.145029,0.172841,0.109975,0.134768
0.126510,0.212418,0.097251,0.146198,0.170349,0.110588,0.136685
0.124504,0.215635,0.095008,0.146605,0.173074,0.108968,0.136206
0.120484,0.216024,0.092698,0.143960,0.182623,0.108352,0.135860
0.117685,0.216186,0.092638,0.143256,0.187595,0.107732,0.134908
0.117474,0.216255,0.092046,0.142711,0.188858,0.108019,0.134637
0.116707,0.218296,0.090620,0.142756,0.189612,0.107067,0.134944
0.117660,0.219359,0.089797,0.143850,0.186688,0.106926,0.135720
0.116021,0.219884,0.089314,0.143788,0.189425,0.106479,0.135089
0.119290,0.220623,0.087749,0.144925,0.184190,0.107302,0.135922
0.123090,0.228840,0.082910,0.143707,0.181693,0.105985,0.133776
0.118948,0.230951,0.081769,0.143180,0.186925,0.104331,0.133897
0.118822,0.231421,0.081561,0.142625,0.187914,0.104227,0.133431
0.117484,0.232343,0.082136,0.141317,0.191536,0.102933,0.132252
0.118077,0.233743,0.080596,0.142198,0.189999,0.102936,0.132452
0.115889,0.241310,0.081064,0.139724,0.193623,0.098077,0.130313
0.106777,0.219196,0.099627,0.141885,0.200447,0.101097,0.130970
0.104399,0.216248,0.104085,0.141266,0.203866,0.100730,0.129405
0.102814,0.209051,0.108051,0.141058,0.205685,0.102239,0.131102
0.101736,0.215149,0.101163,0.141971,0.208504,0.100841,0.130637
0.101484,0.212628,0.100303,0.142919,0.208082,0.102106,0.132479
0.099989,0.217561,0.095012,0.143117,0.210727,0.100943,0.132652
0.100957,0.210085,0.097675,0.143374,0.208599,0.103917,0.135394
0.102055,0.208206,0.098426,0.143184,0.208249,0.104984,0.134895
0.099266,0.207660,0.103973,0.141257,0.213536,0.102800,0.131508
0.094621,0.197398,0.111104,0.141572,0.218827,0.103680,0.132798
0.092517,0.188464,0.113600,0.142549,0.220683,0.105974,0.136213
0.093256,0.184979,0.121054,0.139820,0.223232,0.104314,0.133344
0.092885,0.179114,0.124358,0.140210,0.221984,0.106888,0.134560
0.096110,0.174460,0.129267,0.140019,0.214777,0.109966,0.135402
0.094145,0.179612,0.130551,0.138437,0.220229,0.105543,0.131482
0.096593,0.178911,0.135159,0.138101,0.214795,0.106131,0.130310
0.096908,0.169147,0.142197,0.138099,0.214713,0.108097,0.130839
0.096801,0.172544,0.138498,0.138821,0.213478,0.108240,0.131619
0.096511,0.169256,0.140557,0.138406,0.215132,0.108447,0.131692
0.099235,0.163847,0.139610,0.139491,0.209947,0.112358,0.135512
0.097625,0.174125,0.135730,0.138597,0.215057,0.106794,0.132071
0.098032,0.168878,0.142688,0.138025,0.214503,0.107617,0.130258
0.097670,0.165172,0.140030,0.139002,0.214488,0.110043,0.133596
0.095973,0.170062,0.137337,0.138336,0.218561,0.107416,0.132315
0.096741,0.167663,0.140098,0.137772,0.217729,0.107922,0.132075
0.096919,0.160878,0.138445,0.139470,0.217516,0.110969,0.135802
0.095513,0.163849,0.133609,0.141010,0.217219,0.111782,0.137018
0.094936,0.164446,0.135131,0.140186,0.218906,0.110833,0.135562
0.091761,0.167294,0.132830,0.140248,0.224569,0.108836,0.134462
0.092929,0.169435,0.133043,0.139813,0.221593,0.109042,0.134145
0.089809,0.179057,0.125376,0.139774,0.228521,0.105122,0.132341
0.086376,0.183409,0.116934,0.141231,0.235349,0.103651,0.133050
0.082150,0.179244,0.116684,0.142317,0.242299,0.104415,0.132890
0.082229,0.183612,0.113767,0.141819,0.243049,0.102822,0.132702
0.081420,0.182210,0.114614,0.141947,0.244934,0.102350,0.132525
0.083146,0.183732,0.116169,0.141121,0.241928,0.101716,0.132188
0.088721,0.192223,0.112418,0.141640,0.230235,0.101245,0.133519
0.089231,0.192995,0.114241,0.141362,0.229355,0.100581,0.132236
0.088291,0.190424,0.118830,0.140232,0.231135,0.100535,0.130554
0.087125,0.189712,0.116417,0.141085,0.233433,0.100739,0.131488
0.086016,0.192230,0.115261,0.140504,0.236193,0.099169,0.130627
0.089746,0.185959,0.118155,0.141450,0.229221,0.102445,0.133023
0.089192,0.192805,0.111850,0.142311,0.229040,0.101508,0.133295
0.086401,0.192346,0.111319,0.141972,0.234655,0.100973,0.132333
0.084444,0.189224,0.111839,0.141880,0.239025,0.101151,0.132438
0.085540,0.193095,0.110238,0.141635,0.237329,0.100954,0.131208
0.079644,0.189982,0.107150,0.142740,0.246803,0.101593,0.132088
0.078578,0.189629,0.106987,0.142739,0.248734,0.101773,0.131561
0.079051,0.187876,0.107523,0.143262,0.247270,0.102495,0.132523
0.078067,0.185148,0.108717,0.143346,0.250069,0.102436,0.132216
0.077350,0.183470,0.109000,0.143650,0.251402,0.102752,0.132377
0.080074,0.183776,0.113055,0.142255,0.246603,0.102989,0.131248
0.081012,0.181938,0.114980,0.141614,0.245133,0.103529,0.131794
0.083422,0.185207,0.110803,0.142676,0.239690,0.104326,0.133877
0.079846,0.191515,0.105679,0.142722,0.247352,0.101362,0.131523
0.080832,0.189523,0.107531,0.143239,0.245389,0.101629,0.131858
0.082294,0.187212,0.109524,0.143077,0.242339,0.102666,0.132887
0.082941,0.183937,0.106301,0.145763,0.237956,0.106925,0.136175
0.089255,0.187998,0.114375,0.141568,0.230014,0.103593,0.133197
0.092215,0.190596,0.111902,0.142577,0.223102,0.105371,0.134236
0.090500,0.196178,0.110832,0.140690,0.227519,0.102774,0.131507
0.093622,0.193529,0.109964,0.140834,0.222528,0.106283,0.133240
0.089980,0.192749,0.110001,0.140332,0.230030,0.105845,0.131063
0.085167,0.198504,0.108285,0.139544,0.240430,0.101787,0.126283
0.085468,0.192632,0.104485,0.142868,0.235277,0.108035,0.131235
0.084762,0.195405,0.107483,0.140158,0.239718,0.103878,0.128597
0.085447,0.198825,0.099602,0.144187,0.235189,0.105901,0.130848
0.085603,0.197265,0.108967,0.140654,0.238577,0.102874,0.126060
0.082411,0.187154,0.112840,0.140917,0.242291,0.104562,0.129826
0.085142,0.183350,0.116354,0.140851,0.238057,0.104945,0.131301
0.083064,0.182886,0.116895,0.140417,0.241227,0.104697,0.130813
0.082521,0.173131,0.119032,0.142613,0.238687,0.109799,0.134216
0.082923,0.170922,0.124646,0.140934,0.237553,0.110124,0.132899
0.085036,0.169751,0.134529,0.138056,0.235761,0.107540,0.129328
0.085916,0.168161,0.135643,0.138105,0.233116,0.108873,0.130186
0.083296,0.174036,0.121445,0.141717,0.235197,0.110785,0.133523
0.080886,0.177700,0.117195,0.143140,0.240814,0.108918,0.131346
0.068895,0.178188,0.101492,0.148975,0.262529,0.106508,0.133414
0.066926,0.183960,0.098168,0.148513,0.267361,0.103885,0.131187
0.066160,0.191556,0.093262,0.148056,0.269165,0.101783,0.130019
0.067506,0.188895,0.098162,0.147250,0.266584,0.102550,0.129053
0.070629,0.185906,0.102749,0.145952,0.260283,0.104123,0.130358
0.077541,0.179573,0.111481,0.144364,0.246740,0.106683,0.133618
0.087282,0.172818,0.122708,0.143296,0.230207,0.108267,0.135422
0.078872,0.176587,0.113049,0.145426,0.244438,0.106291,0.135337
0.078377,0.175239,0.114541,0.144807,0.246159,0.106369,0.134508
0.077204,0.173102,0.113701,0.145479,0.247770,0.107253,0.135491
0.077269,0.179563,0.111226,0.144775,0.248687,0.104724,0.133756
0.077488,0.181714,0.109626,0.144713,0.248800,0.104104,0.133556
0.074353,0.177935,0.107120,0.146530,0.253718,0.105832,0.134512
0.074252,0.182919,0.099855,0.148243,0.251693,0.106855,0.136182
0.077620,0.192023,0.102538,0.144747,0.249367,0.102630,0.131074
0.081680,0.183873,0.107409,0.144711,0.239245,0.108195,0.134888
0.081129,0.190072,0.096220,0.147464,0.239104,0.108711,0.137300
0.075943,0.204503,0.081589,0.150271,0.246949,0.103590,0.137155
0.078875,0.211347,0.077886,0.151482,0.239248,0.103433,0.137728
0.078310,0.215660,0.076462,0.151067,0.241222,0.101934,0.135345
0.075988,0.215751,0.078233,0.149440,0.248332,0.098621,0.133635
0.076691,0.214124,0.079810,0.149460,0.246373,0.099574,0.133969
0.078157,0.210856,0.081870,0.149561,0.242997,0.100705,0.135855
0.075694,0.216474,0.077323,0.150062,0.247406,0.098161,0.134879
0.075974,0.221639,0.079453,0.147028,0.250306,0.094425,0.131175
0.076090,0.218831,0.079879,0.147827,0.250011,0.095239,0.132122
0.070472,0.219713,0.074755,0.149039,0.259526,0.094574,0.131920
0.069936,0.216739,0.076338,0.149676,0.261199,0.094159,0.131954
0.073235,0.214001,0.075250,0.152269,0.250569,0.098057,0.136618
0.071158,0.217773,0.076243,0.149736,0.257728,0.094646,0.132715
0.073557,0.215901,0.075895,0.150855,0.252053,0.096599,0.135140
0.068232,0.225206,0.067427,0.151251,0.261079,0.094077,0.132727
0.068476,0.228595,0.067723,0.151180,0.261138,0.093137,0.129752
0.067303,0.220204,0.069857,0.151746,0.262941,0.095235,0.132715
0.068668,0.212125,0.073144,0.152159,0.258733,0.098950,0.136220
0.066943,0.217149,0.070843,0.151998,0.262017,0.097477,0.133572
0.066214,0.224352,0.069080,0.150937,0.265267,0.094083,0.130066
0.065364,0.221551,0.068610,0.151835,0.266396,0.094450,0.131794
0.064084,0.222275,0.067216,0.151850,0.268766,0.094118,0.131691
0.062993,0.229292,0.062957,0.151752,0.270470,0.092738,0.129798
0.064337,0.231558,0.062568,0.151673,0.267207,0.093795,0.128862
0.063071,0.231571,0.062545,0.151800,0.269768,0.092974,0.128271
0.064628,0.232709,0.062204,0.151440,0.266378,0.094312,0.128330
0.064464,0.232316,0.062159,0.151288,0.267173,0.093749,0.128852
0.063698,0.231976,0.062252,0.152006,0.268212,0.093687,0.128169
0.064463,0.233487,0.058464,0.153524,0.263903,0.095868,0.130291
0.060959,0.243488,0.055935,0.146738,0.277549,0.090937,0.124393
0.061002,0.245972,0.054071,0.147148,0.276397,0.089990,0.125420
0.059505,0.248488,0.052953,0.147163,0.279066,0.088171,0.124655
0.060037,0.244693,0.055296,0.147468,0.278421,0.090109,0.123976
0.066918,0.248993,0.054572,0.148083,0.263335,0.094079,0.124019
0.064871,0.254510,0.054450,0.145009,0.273014,0.089803,0.118343
0.067910,0.254230,0.056025,0.145764,0.266890,0.091107,0.118073
0.067689,0.251415,0.055754,0.146362,0.265303,0.092759,0.120718
0.067346,0.252705,0.056152,0.146194,0.267158,0.091866,0.118579
0.065977,0.250140,0.056928,0.146134,0.270441,0.091640,0.118741
0.066734,0.251091,0.056696,0.145538,0.270309,0.090563,0.119069
0.066409,0.252327,0.055747,0.145201,0.271526,0.088711,0.120079
0.064486,0.252397,0.054918,0.144710,0.274808,0.088136,0.120545
0.063859,0.253037,0.054805,0.144187,0.277429,0.087157,0.119527
0.064059,0.252614,0.055325,0.143870,0.277507,0.087263,0.119363
0.067839,0.249343,0.056381,0.145421,0.268189,0.090719,0.122109
0.065781,0.252966,0.055436,0.144812,0.273925,0.087835,0.119244
0.063967,0.251650,0.054799,0.144646,0.276705,0.087639,0.120594
0.061422,0.257957,0.052358,0.143171,0.284016,0.084018,0.117057
0.065355,0.254829,0.055056,0.144374,0.276003,0.086150,0.118235
0.065454,0.252189,0.055279,0.144609,0.275176,0.087052,0.120241
0.066473,0.252415,0.055257,0.145071,0.272617,0.088206,0.119961
0.067026,0.252955,0.055709,0.145036,0.271042,0.088751,0.119481
0.066541,0.252175,0.055217,0.145074,0.271438,0.088777,0.120778
0.065780,0.256393,0.054432,0.144294,0.274657,0.086212,0.118231
0.067025,0.252127,0.056317,0.143918,0.273304,0.087472,0.119837
0.068202,0.252646,0.056747,0.143593,0.271749,0.087641,0.119422
0.066868,0.252156,0.056542,0.144199,0.273573,0.088019,0.118643
0.065505,0.253053,0.056153,0.144163,0.276115,0.087560,0.117450
0.068214,0.250984,0.056722,0.145389,0.269662,0.089421,0.119608
0.064732,0.253130,0.055742,0.144907,0.274859,0.088960,0.117670
0.063451,0.254471,0.055340,0.144061,0.279251,0.086973,0.116452
0.062135,0.252465,0.056204,0.142936,0.283760,0.086148,0.116352
0.061459,0.251528,0.056113,0.142128,0.286536,0.085208,0.117028
0.061187,0.254328,0.055297,0.142197,0.287272,0.084490,0.115229
0.061105,0.253518,0.055813,0.141997,0.287789,0.084445,0.115334
0.061548,0.250822,0.057155,0.141162,0.288171,0.084640,0.116501
0.061970,0.251293,0.057043,0.141327,0.287627,0.084237,0.116502
0.061231,0.251425,0.057601,0.140577,0.291267,0.082930,0.114970
0.058913,0.253509,0.059586,0.137432,0.302012,0.078070,0.110478
0.057999,0.253097,0.060133,0.135361,0.306262,0.076590,0.110558
0.058335,0.252643,0.059259,0.137063,0.303172,0.078263,0.111265
0.059068,0.249797,0.060325,0.137223,0.300851,0.079706,0.113029
0.059767,0.251233,0.060497,0.137256,0.300112,0.079252,0.111883
0.059379,0.248810,0.062119,0.137676,0.301702,0.078954,0.111360
0.059428,0.246277,0.063910,0.137070,0.302048,0.078933,0.112334
0.058347,0.244806,0.066513,0.135464,0.306754,0.077025,0.111092
0.057982,0.244286,0.067628,0.135212,0.308385,0.076051,0.110455
0.057997,0.244530,0.068161,0.134729,0.308669,0.075588,0.110325
0.056689,0.243068,0.071035,0.132723,0.313314,0.073761,0.109410
0.057337,0.239452,0.072260,0.134173,0.310743,0.075034,0.111002
0.058150,0.239315,0.071896,0.135780,0.307420,0.076113,0.111327
0.058175,0.237821,0.072624,0.135502,0.307368,0.076497,0.112013
0.060460,0.239432,0.069906,0.138993,0.298861,0.079385,0.112961
0.060270,0.238946,0.071367,0.138271,0.299634,0.079376,0.112136
0.060291,0.237738,0.071771,0.138775,0.298834,0.079565,0.113025
0.060070,0.239902,0.072609,0.139296,0.299259,0.078174,0.110688
0.059937,0.236736,0.075757,0.138321,0.299768,0.078172,0.111310
0.061811,0.236787,0.074671,0.139579,0.294418,0.080518,0.112218
0.064318,0.239836,0.072097,0.142156,0.286341,0.084023,0.111229
0.064542,0.239219,0.072303,0.141665,0.285973,0.084555,0.111744
0.066917,0.239785,0.073374,0.143281,0.279445,0.086084,0.111115
0.073713,0.236218,0.077463,0.145127,0.264534,0.090662,0.112284
0.075047,0.232048,0.083757,0.143108,0.264344,0.089490,0.112205
0.070569,0.232408,0.084548,0.141756,0.273791,0.085784,0.111144
0.073221,0.221954,0.094809,0.144579,0.262592,0.087466,0.115378
0.069528,0.226983,0.090828,0.141996,0.274562,0.083908,0.112195
0.068904,0.231074,0.090896,0.141650,0.271900,0.083730,0.111846
0.065497,0.230569,0.090373,0.141609,0.281397,0.079847,0.110708
0.066158,0.227880,0.087522,0.139444,0.284073,0.081611,0.113311
0.063353,0.232260,0.084545,0.138290,0.294059,0.077431,0.110061
0.062947,0.233051,0.082832,0.136304,0.297737,0.077447,0.109682
0.060170,0.231294,0.084626,0.134719,0.305234,0.074594,0.109363
0.059885,0.221822,0.087598,0.133494,0.308472,0.074430,0.114300
0.059408,0.221056,0.085016,0.131979,0.314586,0.073044,0.114912
0.058891,0.224113,0.082698,0.131121,0.318654,0.071373,0.113150
0.063988,0.225383,0.079795,0.130305,0.310121,0.074489,0.115919
0.066569,0.219326,0.084297,0.129932,0.306004,0.074799,0.119073
0.063254,0.221458,0.083496,0.131786,0.309358,0.074230,0.116419
0.062836,0.223315,0.081677,0.132864,0.307386,0.075557,0.116364
0.063055,0.228522,0.079488,0.134120,0.304264,0.076439,0.114112
0.064274,0.236530,0.073972,0.133610,0.302260,0.077936,0.111418
0.065645,0.235000,0.075702,0.134454,0.298084,0.078774,0.112342
0.068274,0.234996,0.075849,0.136272,0.290446,0.080846,0.113317
0.066253,0.239444,0.073092,0.137872,0.290114,0.082125,0.111100
0.066833,0.240392,0.071935,0.138761,0.286617,0.083759,0.111704
0.066342,0.242010,0.072958,0.137871,0.289996,0.080044,0.110779
0.059910,0.240132,0.074670,0.133981,0.307354,0.075196,0.108757
0.062845,0.247927,0.072451,0.136499,0.297700,0.076986,0.105592
0.066355,0.237357,0.080138,0.135508,0.290012,0.081715,0.108915
0.064701,0.236319,0.078881,0.133838,0.294061,0.080559,0.111640
0.062907,0.249526,0.073077,0.137047,0.296834,0.075763,0.104847
0.061600,0.246378,0.078522,0.130154,0.303018,0.074086,0.106241
0.061537,0.258903,0.077023,0.128645,0.303802,0.069767,0.100323
0.064512,0.264214,0.075139,0.122795,0.301259,0.071111,0.100971
0.069926,0.285600,0.067831,0.116750,0.294824,0.069254,0.095814
0.075806,0.277688,0.071406,0.114533,0.287387,0.073127,0.100053
0.081868,0.278496,0.073096,0.111755,0.287456,0.069629,0.097700
0.089591,0.258672,0.084012,0.107436,0.293444,0.069127,0.097719
0.104432,0.239867,0.088399,0.109861,0.264551,0.081084,0.111805
0.095059,0.249390,0.083943,0.096432,0.312209,0.060994,0.101973
0.114252,0.218265,0.089244,0.092220,0.293968,0.066950,0.125101
0.099426,0.232050,0.078951,0.084856,0.329052,0.053656,0.122009
0.091678,0.238576,0.075934,0.079667,0.352399,0.048326,0.113419
0.095913,0.237516,0.079131,0.080718,0.346685,0.050083,0.109953
0.105812,0.236798,0.079475,0.094707,0.300310,0.060827,0.122071
0.091814,0.249616,0.077205,0.095099,0.318667,0.056376,0.111222
0.091535,0.264371,0.077822,0.101818,0.298660,0.064174,0.101619
0.089762,0.267599,0.078883,0.110629,0.278883,0.071927,0.102317
0.083627,0.274666,0.074942,0.102050,0.306666,0.060777,0.097271
0.088372,0.261745,0.076349,0.098776,0.309560,0.060434,0.104765
0.080054,0.277659,0.070887,0.098408,0.319075,0.055581,0.098335
0.082118,0.271710,0.070522,0.094127,0.328898,0.052105,0.100521
0.092859,0.252755,0.075779,0.095552,0.313619,0.057979,0.111457
0.086710,0.262296,0.071064,0.094059,0.324280,0.053428,0.108163
0.089108,0.262370,0.071128,0.097125,0.313097,0.057585,0.109586
0.084349,0.280046,0.066285,0.098213,0.315979,0.054220,0.100909
0.083538,0.269830,0.070169,0.096002,0.322717,0.054890,0.102853
0.081256,0.274522,0.070378,0.096485,0.323354,0.055177,0.098829
0.085286,0.263707,0.071206,0.098307,0.316099,0.056714,0.108681
0.081568,0.264460,0.069579,0.098312,0.322930,0.054162,0.108989
0.076734,0.268055,0.067578,0.097463,0.331319,0.051147,0.107704
0.079875,0.261738,0.069158,0.105834,0.312249,0.057148,0.113999
0.070952,0.281432,0.062072,0.096932,0.338501,0.047936,0.102176
0.070509,0.281194,0.061979,0.095399,0.342215,0.046687,0.102016
0.072670,0.278158,0.063045,0.092736,0.344775,0.046187,0.102429
0.078219,0.268486,0.066420,0.097671,0.328366,0.051606,0.109232
0.074686,0.273720,0.065021,0.094365,0.339788,0.048308,0.104112
0.079558,0.262764,0.068992,0.097140,0.328119,0.052403,0.111024
0.076260,0.265251,0.067936,0.092854,0.342299,0.048787,0.106613
0.078536,0.266383,0.067991,0.092528,0.339511,0.049355,0.105695
0.083589,0.262569,0.072378,0.098591,0.319443,0.056163,0.107268
0.075520,0.269956,0.070643,0.096401,0.334617,0.051522,0.101341
0.075804,0.266696,0.071285,0.094013,0.339657,0.050606,0.101940
0.076129,0.259905,0.072683,0.092118,0.343585,0.050408,0.105172
0.074182,0.263020,0.071475,0.091954,0.347232,0.048987,0.103150
0.073206,0.261565,0.071597,0.092564,0.348772,0.048519,0.103776
0.074294,0.261063,0.073534,0.092438,0.346305,0.049833,0.102534
0.074723,0.259884,0.074463,0.093953,0.341824,0.051460,0.103694
0.074041,0.259244,0.073319,0.095390,0.341700,0.050855,0.105451
0.073341,0.260706,0.072209,0.094416,0.345100,0.049409,0.104819
0.076274,0.253928,0.074450,0.093298,0.343673,0.050322,0.108055
0.082656,0.245527,0.078366,0.095521,0.329717,0.055009,0.113205
0.078459,0.249941,0.076573,0.090425,0.345175,0.051093,0.108335
0.077589,0.255105,0.075375,0.090749,0.344508,0.051579,0.105094
0.076211,0.260011,0.073497,0.091558,0.345679,0.050319,0.102724
0.083354,0.251080,0.077864,0.096865,0.325218,0.056339,0.109281
0.079214,0.259572,0.074743,0.097893,0.328424,0.054440,0.105715
0.080576,0.254514,0.076574,0.097677,0.327118,0.055532,0.108009
0.081102,0.258274,0.076529,0.098773,0.323525,0.056344,0.105454
0.089248,0.250801,0.079724,0.103521,0.302173,0.063406,0.111127
0.082227,0.259851,0.077042,0.099989,0.317787,0.058366,0.104738
0.085889,0.254354,0.078879,0.100940,0.311425,0.060471,0.108043
0.081539,0.257229,0.077930,0.099022,0.320847,0.057992,0.105441
0.082286,0.257540,0.078313,0.099682,0.316921,0.059669,0.105589
0.078917,0.268130,0.075657,0.102921,0.311757,0.060599,0.102019
0.078774,0.277697,0.072608,0.109720,0.295456,0.064104,0.101641
0.078421,0.286211,0.072691,0.120452,0.271068,0.070999,0.100157
0.070603,0.290068,0.073117,0.122999,0.275726,0.069949,0.097538
0.070736,0.290999,0.072126,0.120544,0.280738,0.067581,0.097277
0.073066,0.289879,0.071563,0.119754,0.279019,0.067744,0.098975
0.074510,0.282704,0.071381,0.112534,0.297034,0.061413,0.100423
0.071259,0.282160,0.073061,0.111462,0.301374,0.062115,0.098568
0.074210,0.279946,0.073530,0.113424,0.292943,0.065143,0.100805
0.070171,0.288992,0.071560,0.116988,0.289362,0.064677,0.098250
0.067795,0.288795,0.070954,0.114056,0.299612,0.061731,0.097057
0.067196,0.289128,0.071275,0.114002,0.299928,0.061705,0.096766
0.067994,0.288579,0.071200,0.113833,0.299479,0.061486,0.097428
0.066831,0.285834,0.070234,0.110119,0.309834,0.059396,0.097753
0.064072,0.287478,0.070230,0.109527,0.315246,0.057572,0.095877
0.068218,0.283171,0.071128,0.110425,0.308608,0.059479,0.098973
0.067072,0.279682,0.071981,0.107707,0.316902,0.058031,0.098626
0.065600,0.280712,0.071605,0.105952,0.322951,0.055840,0.097340
0.066446,0.285155,0.071019,0.110939,0.308401,0.060176,0.097864
0.066941,0.287046,0.070254,0.113008,0.303951,0.060646,0.098153
0.063377,0.290556,0.069687,0.111656,0.311412,0.057705,0.095607
0.061700,0.291182,0.069814,0.110367,0.315981,0.056514,0.094442
0.061626,0.291517,0.070452,0.112232,0.311240,0.058063,0.094870
0.061485,0.287806,0.068593,0.107502,0.323828,0.054885,0.095902
0.059241,0.286749,0.067211,0.104585,0.335472,0.052021,0.094721
0.060947,0.284377,0.067247,0.105665,0.332035,0.052743,0.096987
0.062167,0.280606,0.067293,0.105302,0.333028,0.052800,0.098804
0.062389,0.281806,0.066910,0.106288,0.331985,0.052161,0.098460
0.065470,0.274596,0.069256,0.105447,0.328979,0.054592,0.101660
0.063188,0.278979,0.068227,0.104228,0.333096,0.053455,0.098826
0.066267,0.273573,0.069723,0.104669,0.329313,0.054528,0.101926
0.066817,0.272514,0.069831,0.104913,0.329076,0.054416,0.102434
0.067545,0.273845,0.069514,0.106483,0.324061,0.055877,0.102675
0.064370,0.279093,0.067736,0.105760,0.329754,0.053482,0.099805
0.064235,0.278827,0.067858,0.105487,0.330203,0.053654,0.099737
0.064963,0.280094,0.067592,0.103031,0.332481,0.052896,0.098943
0.057973,0.283273,0.066824,0.094079,0.357366,0.050455,0.090030
0.056456,0.278359,0.068019,0.092207,0.365841,0.048910,0.090208
0.056918,0.279373,0.067954,0.091743,0.364737,0.049707,0.089569
0.056368,0.277865,0.068413,0.091395,0.367159,0.049277,0.089523
0.057290,0.270783,0.070637,0.090193,0.369700,0.048894,0.092502
0.061048,0.257372,0.075885,0.093443,0.360289,0.050418,0.101544
0.058446,0.261995,0.073855,0.096122,0.360389,0.049396,0.099796
0.059929,0.260693,0.074715,0.097499,0.355117,0.050650,0.101397
0.058391,0.265080,0.073281,0.097134,0.357081,0.050654,0.098379
0.059305,0.263715,0.074283,0.098303,0.353117,0.051960,0.099317
0.059248,0.262407,0.074472,0.097090,0.355779,0.051348,0.099656
0.063751,0.260462,0.076242,0.100022,0.341262,0.055182,0.103079
0.062280,0.263542,0.074821,0.098570,0.346092,0.054171,0.100524
0.064598,0.260312,0.076464,0.099867,0.339608,0.055929,0.103222
0.064228,0.258916,0.077125,0.100693,0.339746,0.055514,0.103779
0.064209,0.258121,0.077424,0.100654,0.339918,0.055377,0.104297
0.064203,0.256580,0.077510,0.099110,0.342959,0.054533,0.105106
0.062231,0.256528,0.077038,0.097775,0.349838,0.052653,0.103937
0.063340,0.256614,0.077434,0.098174,0.346304,0.054151,0.103983
0.063896,0.258177,0.077264,0.099960,0.342169,0.055219,0.103315
0.067748,0.255881,0.079586,0.103985,0.327701,0.059152,0.105947
0.070018,0.257227,0.080015,0.107332,0.316866,0.062473,0.106070
0.068232,0.259313,0.078645,0.105824,0.322559,0.060863,0.104562
0.067266,0.259800,0.078200,0.105272,0.325257,0.060228,0.103978
0.063229,0.262074,0.075727,0.101511,0.339345,0.056011,0.102103
0.061970,0.260383,0.075496,0.098788,0.346665,0.054352,0.102347
0.067387,0.259472,0.077790,0.104917,0.326177,0.059262,0.104995
0.070446,0.252887,0.081464,0.106468,0.318401,0.060953,0.109381
0.066391,0.255999,0.078753,0.103162,0.331994,0.056842,0.106859
0.065193,0.257354,0.076617,0.099041,0.341700,0.054154,0.105941
0.066680,0.252739,0.078745,0.097826,0.340887,0.054971,0.108151
0.065979,0.249253,0.079412,0.095053,0.348417,0.052944,0.108941
0.066053,0.249055,0.079541,0.095098,0.347613,0.053455,0.109186
0.065845,0.250891,0.078644,0.094916,0.348843,0.053166,0.107694
0.065859,0.249087,0.079304,0.094063,0.350510,0.052952,0.108225
0.065740,0.249046,0.079384,0.093675,0.350538,0.053650,0.107967
0.066178,0.251471,0.078928,0.095828,0.345815,0.054464,0.107316
0.065953,0.252668,0.078041,0.094821,0.348109,0.054055,0.106353
0.067677,0.249523,0.079353,0.093896,0.346338,0.055119,0.108095
0.067646,0.250311,0.078541,0.092815,0.349098,0.054334,0.107255
0.067785,0.246571,0.080101,0.092895,0.349233,0.053327,0.110087
0.065992,0.248568,0.079317,0.094086,0.350451,0.052529,0.109055
0.065089,0.250002,0.077891,0.092273,0.356326,0.050769,0.107650
0.065755,0.245790,0.079533,0.091363,0.357191,0.050621,0.109747
0.066490,0.248398,0.079555,0.094942,0.348328,0.052642,0.109645
0.067566,0.253054,0.078764,0.099239,0.337531,0.055427,0.108419
0.067565,0.251975,0.079190,0.099070,0.338435,0.055034,0.108730
0.068864,0.252729,0.079309,0.101203,0.332198,0.056243,0.109453
0.067729,0.252657,0.078946,0.099916,0.336342,0.055167,0.109243
0.065623,0.251826,0.078276,0.096179,0.347199,0.052704,0.108193
0.067445,0.251299,0.079481,0.098638,0.338607,0.055130,0.109400
0.068894,0.252115,0.078724,0.098378,0.337378,0.054698,0.109813
0.069525,0.250388,0.080003,0.100136,0.333027,0.056076,0.110844
0.069439,0.251657,0.079464,0.100559,0.332379,0.056170,0.110332
0.065946,0.254006,0.077799,0.098578,0.342305,0.053739,0.107628
0.069432,0.253812,0.079586,0.105147,0.324954,0.057705,0.109363
0.067950,0.252987,0.079261,0.104137,0.330624,0.055520,0.109521
0.067170,0.253347,0.078963,0.103795,0.332929,0.054792,0.109004
0.071705,0.251286,0.080624,0.106729,0.318969,0.058848,0.111838
0.068367,0.254547,0.078803,0.106089,0.326723,0.056164,0.109308
0.069489,0.255483,0.078237,0.107466,0.323007,0.056798,0.109520
0.067917,0.252752,0.079320,0.104373,0.330774,0.055054,0.109809
0.069132,0.251431,0.079896,0.103843,0.328970,0.055742,0.110985
0.069487,0.252610,0.079460,0.104798,0.326454,0.056524,0.110668
0.061317,0.252358,0.077471,0.094422,0.357901,0.050205,0.106325
0.062397,0.249641,0.078778,0.094488,0.356445,0.050179,0.108072
0.061721,0.246330,0.080043,0.093649,0.359935,0.049128,0.109193
0.062937,0.242504,0.081656,0.093531,0.359257,0.048466,0.111649
0.063932,0.240186,0.083125,0.093811,0.356318,0.049794,0.112835
0.062889,0.241525,0.081278,0.091072,0.363484,0.048013,0.111739
0.061457,0.242225,0.080096,0.088789,0.370114,0.047018,0.110300
0.060124,0.244275,0.079099,0.088951,0.372093,0.046618,0.108839
0.058918,0.248559,0.077562,0.090165,0.371609,0.047079,0.106109
0.057902,0.250418,0.077093,0.091182,0.371349,0.047384,0.104673
0.058368,0.249100,0.077616,0.090865,0.370660,0.047638,0.105753
0.056202,0.262130,0.071856,0.090446,0.372673,0.049688,0.097005
0.059373,0.257857,0.074022,0.090533,0.365125,0.052438,0.100653
0.060481,0.254381,0.075560,0.090934,0.362442,0.052466,0.103735
0.059935,0.253136,0.076010,0.090946,0.364192,0.051396,0.104384
0.059797,0.252807,0.076123,0.090588,0.364299,0.051817,0.104570
0.059528,0.257269,0.074666,0.092277,0.360689,0.052905,0.102667
0.057944,0.260300,0.073714,0.093326,0.361865,0.052296,0.100555
0.059910,0.261106,0.073840,0.095031,0.354518,0.053725,0.101871
0.060974,0.256283,0.075876,0.094143,0.353932,0.054161,0.104631
0.060221,0.256651,0.075600,0.094108,0.356525,0.052790,0.104105
0.060088,0.261183,0.073514,0.093994,0.355412,0.053864,0.101945
0.059217,0.266539,0.071367,0.094929,0.354284,0.054279,0.099386
0.058578,0.264837,0.072125,0.094918,0.356347,0.053483,0.099713
0.057904,0.265440,0.072057,0.095620,0.357046,0.052827,0.099106
0.062965,0.259045,0.075837,0.097736,0.343555,0.055890,0.104973
0.063634,0.259322,0.076437,0.099668,0.339258,0.056537,0.105145
0.064787,0.260290,0.076879,0.101882,0.332712,0.058152,0.105296
0.067182,0.264989,0.076246,0.107371,0.317938,0.061605,0.104669
0.066653,0.265848,0.075691,0.107073,0.319775,0.061091,0.103869
0.063890,0.266935,0.074825,0.105068,0.327893,0.059420,0.101970
0.066082,0.264868,0.076131,0.106443,0.321280,0.061278,0.103919
0.065542,0.265302,0.075567,0.105269,0.324822,0.059937,0.103562
0.066303,0.263848,0.076764,0.106602,0.321217,0.060974,0.104293
0.066281,0.263709,0.076896,0.107046,0.320651,0.060957,0.104460
0.065618,0.266839,0.075255,0.106877,0.322183,0.060210,0.103018
0.069751,0.262575,0.078644,0.111515,0.307268,0.064716,0.105531
0.069294,0.264264,0.077883,0.112554,0.306900,0.064321,0.104785
0.068831,0.263452,0.077941,0.110900,0.310366,0.063632,0.104879
0.061880,0.263789,0.075874,0.103497,0.336311,0.057024,0.101625
0.061696,0.261057,0.076691,0.101817,0.338677,0.057108,0.102954
0.063863,0.261980,0.077940,0.107047,0.326141,0.059663,0.103367
0.065350,0.262201,0.078321,0.108748,0.320332,0.061224,0.103825
0.065746,0.260941,0.078798,0.108154,0.320482,0.061494,0.104387
0.067112,0.260388,0.079505,0.109453,0.315690,0.063036,0.104817
0.070396,0.263446,0.078647,0.112753,0.303887,0.066126,0.104746
0.067299,0.261205,0.078313,0.106728,0.319211,0.062652,0.104592
0.069276,0.261299,0.078554,0.107952,0.313295,0.064382,0.105242
0.068660,0.259316,0.078403,0.104865,0.320889,0.061750,0.106116
0.071891,0.258401,0.079846,0.108134,0.308542,0.065435,0.107750
0.072325,0.258950,0.079560,0.108769,0.307379,0.065127,0.107889
0.073463,0.259639,0.080045,0.112506,0.299622,0.067103,0.107622
0.072578,0.259556,0.080024,0.111941,0.302348,0.066313,0.107241
0.071425,0.257820,0.080019,0.108769,0.309936,0.064005,0.108026
0.077138,0.256106,0.081754,0.115013,0.290423,0.069132,0.110433
0.081067,0.257645,0.081371,0.127521,0.268539,0.075119,0.108737
0.092004,0.248698,0.082770,0.142550,0.229743,0.092960,0.111275
0.085644,0.252227,0.082493,0.137572,0.248021,0.084009,0.110033
0.085933,0.253000,0.082001,0.137875,0.245771,0.085705,0.109715
0.085574,0.254520,0.081120,0.141140,0.241696,0.087724,0.108226
0.096210,0.236359,0.082739,0.163999,0.195792,0.115705,0.109195
0.084685,0.249790,0.083594,0.145085,0.240186,0.088401,0.108258
0.088601,0.240873,0.086595,0.151375,0.225403,0.097420,0.109733
0.086695,0.244596,0.085832,0.148440,0.232282,0.093127,0.109027
0.084011,0.244091,0.085986,0.147341,0.239365,0.089835,0.109372
0.081140,0.251287,0.082360,0.144504,0.247083,0.086000,0.107624
0.078898,0.255818,0.080287,0.140009,0.256846,0.081088,0.107053
0.077997,0.255626,0.079982,0.141555,0.255829,0.082564,0.106447
0.079766,0.256715,0.079474,0.143862,0.248529,0.085820,0.105834
0.076456,0.261364,0.077918,0.140009,0.259066,0.080717,0.104469
0.080401,0.260163,0.078476,0.143493,0.246315,0.086525,0.104626
0.077909,0.262938,0.077956,0.138182,0.258436,0.080333,0.104246
0.080184,0.259201,0.078927,0.141789,0.249704,0.084699,0.105496
0.079568,0.258966,0.078956,0.143042,0.249306,0.084916,0.105245
0.077948,0.262643,0.077670,0.140526,0.255125,0.081866,0.104223
0.079861,0.262311,0.077197,0.142601,0.248543,0.085069,0.104417
0.081258,0.259761,0.077422,0.147120,0.240373,0.089337,0.104729
0.081200,0.259603,0.077168,0.147825,0.239540,0.089745,0.104919
0.078057,0.262465,0.076518,0.141595,0.253612,0.082823,0.104930
0.075695,0.271602,0.073545,0.139608,0.257188,0.080661,0.101702
0.081914,0.263577,0.074940,0.152108,0.229190,0.095242,0.103027
0.077671,0.273013,0.073182,0.140302,0.251991,0.082233,0.101609
0.074960,0.277420,0.072044,0.130276,0.269291,0.074904,0.101105
0.078537,0.282954,0.071063,0.134271,0.252183,0.081040,0.099953
0.072876,0.288611,0.070008,0.128552,0.269560,0.072195,0.098198
0.073837,0.286050,0.070603,0.130556,0.265324,0.074884,0.098746
0.076985,0.285075,0.071138,0.137497,0.249111,0.081902,0.098291
0.073354,0.288763,0.070568,0.133507,0.260385,0.076237,0.097186
0.072069,0.290859,0.070789,0.130238,0.264991,0.073930,0.097124
0.070697,0.290567,0.070815,0.127086,0.271986,0.071182,0.097667
0.073805,0.288518,0.070814,0.129496,0.263460,0.075325,0.098582
0.065879,0.290612,0.070898,0.120095,0.290257,0.064836,0.097423
0.071846,0.292640,0.070752,0.127580,0.266325,0.072887,0.097970
0.067484,0.294987,0.070353,0.126490,0.274648,0.069178,0.096859
0.067488,0.296152,0.070521,0.127450,0.271656,0.069868,0.096865
0.064734,0.295420,0.070900,0.125829,0.278323,0.067768,0.097027
0.070751,0.297225,0.070788,0.133336,0.255676,0.075304,0.096921
0.074138,0.296861,0.070167,0.138403,0.243988,0.080379,0.096064
0.076184,0.296019,0.070641,0.140799,0.235580,0.084121,0.096655
0.071335,0.299136,0.070506,0.136898,0.249025,0.077127,0.095972
0.078897,0.291293,0.070556,0.146897,0.224353,0.090750,0.097254
0.083335,0.282570,0.070859,0.159267,0.202401,0.105070,0.096497
0.075996,0.289884,0.069947,0.148250,0.230914,0.088467,0.096541
0.070304,0.297133,0.068462,0.139666,0.252150,0.076876,0.095410
0.072981,0.288991,0.069951,0.136652,0.254719,0.078793,0.097912
0.078557,0.287575,0.069919,0.143994,0.233385,0.088261,0.098308
0.075647,0.290232,0.069655,0.140619,0.243113,0.083177,0.097557
0.072248,0.291846,0.069220,0.134853,0.257588,0.076903,0.097342
0.074267,0.291644,0.069691,0.140891,0.244174,0.082393,0.096940
0.072651,0.294530,0.069270,0.139470,0.247260,0.080415,0.096405
0.073734,0.294504,0.069298,0.142773,0.239520,0.083788,0.096383
0.072019,0.293988,0.069017,0.141099,0.247360,0.080503,0.096016
0.072883,0.293086,0.069098,0.140784,0.246850,0.080951,0.096347
0.075042,0.290502,0.069710,0.146111,0.235719,0.086604,0.096312
0.079413,0.285450,0.070414,0.154087,0.217713,0.096633,0.096290
0.072005,0.294155,0.069176,0.143314,0.244634,0.081397,0.095320
0.073237,0.291394,0.070105,0.143970,0.241990,0.083629,0.095675
0.071107,0.295016,0.069585,0.140450,0.249408,0.079240,0.095195
0.071807,0.293767,0.069735,0.138510,0.251706,0.078845,0.095629
0.069731,0.295297,0.069290,0.135749,0.259392,0.075259,0.095282
0.068453,0.294451,0.069262,0.132746,0.267359,0.072467,0.095262
0.068098,0.292101,0.069223,0.130677,0.273316,0.070746,0.095839
0.067920,0.291131,0.069096,0.128329,0.277403,0.069834,0.096287
0.064876,0.294339,0.068552,0.124508,0.286940,0.065493,0.095292
0.059887,0.290336,0.068817,0.116184,0.310497,0.059556,0.094722
0.057575,0.292087,0.068869,0.116220,0.313313,0.058122,0.093814
0.056976,0.291146,0.068914,0.115320,0.316325,0.057583,0.093736
0.059200,0.286640,0.069591,0.112442,0.318674,0.058161,0.095293
0.061076,0.284607,0.070024,0.111801,0.316831,0.059392,0.096269
0.058580,0.284726,0.069361,0.110007,0.325064,0.056975,0.095289
0.058669,0.283780,0.069266,0.109463,0.326605,0.056849,0.095367
0.057373,0.282748,0.068935,0.106903,0.333439,0.055341,0.095261
0.058825,0.282743,0.069168,0.107865,0.329336,0.056323,0.095740
0.059603,0.282025,0.069450,0.108068,0.327496,0.057221,0.096137
0.057953,0.284841,0.068929,0.109249,0.327559,0.056346,0.095123
0.057301,0.285195,0.068421,0.108828,0.329720,0.055486,0.095049
0.056075,0.282407,0.068645,0.105876,0.338206,0.054274,0.094518
0.056180,0.282338,0.068873,0.105820,0.338013,0.054103,0.094672
0.057236,0.281148,0.069305,0.105942,0.335944,0.055085,0.095341
0.056741,0.282189,0.068926,0.106421,0.335971,0.054904,0.094848
0.056539,0.281761,0.068924,0.105785,0.337799,0.054528,0.094664
0.055831,0.281641,0.068270,0.104565,0.341955,0.053438,0.094299
0.058314,0.279124,0.069193,0.104548,0.337571,0.055211,0.096039
0.057902,0.280862,0.069002,0.106001,0.335463,0.055278,0.095492
0.056326,0.283292,0.068282,0.106354,0.336810,0.054404,0.094532
0.056191,0.284780,0.068170,0.107510,0.334146,0.054770,0.094434
0.054884,0.286540,0.067791,0.108267,0.334561,0.054174,0.093783
0.055150,0.286625,0.067717,0.108420,0.333910,0.054362,0.093817
0.055121,0.288842,0.067523,0.110183,0.329491,0.054955,0.093885
0.053725,0.288193,0.067349,0.108761,0.334861,0.053728,0.093382
0.053205,0.288569,0.067439,0.109545,0.333914,0.053774,0.093553
0.054409,0.287189,0.068218,0.109731,0.330793,0.054939,0.094720
0.053625,0.286505,0.067738,0.108005,0.336524,0.053772,0.093830
0.053795,0.287580,0.067646,0.108795,0.334420,0.054036,0.093728
0.052012,0.286937,0.067967,0.108712,0.337719,0.053024,0.093629
0.052065,0.287977,0.068169,0.110140,0.334883,0.053280,0.093487
0.052053,0.287224,0.068494,0.109745,0.335723,0.053166,0.093595
0.051557,0.288024,0.068380,0.110412,0.335032,0.053023,0.093572
0.051712,0.287520,0.068161,0.109281,0.336921,0.052907,0.093497
0.053964,0.288608,0.068295,0.110703,0.329966,0.054545,0.093920
0.053648,0.288956,0.068335,0.110957,0.330164,0.054330,0.093610
0.054274,0.289649,0.068757,0.112567,0.325791,0.055019,0.093942
0.055038,0.289040,0.068988,0.112378,0.324872,0.055592,0.094092
0.052378,0.287961,0.069293,0.111284,0.332056,0.053638,0.093390
0.051805,0.285933,0.069754,0.110557,0.334623,0.053385,0.093943
0.051062,0.286469,0.069416,0.110377,0.336741,0.052740,0.093195
0.050237,0.286653,0.069607,0.110945,0.337320,0.052271,0.092966
0.050518,0.285643,0.070177,0.111279,0.335645,0.052759,0.093979
0.049939,0.285730,0.069583,0.110557,0.338745,0.052073,0.093373
0.054496,0.289744,0.069378,0.113460,0.322963,0.055636,0.094322
0.052701,0.289851,0.069074,0.112782,0.328415,0.053967,0.093210
0.052737,0.287555,0.068441,0.110026,0.334877,0.053348,0.093016
0.051517,0.288274,0.068411,0.110362,0.336507,0.052614,0.092316
0.052758,0.288573,0.068685,0.111183,0.332274,0.053607,0.092920
0.052852,0.287760,0.068848,0.110939,0.333251,0.053507,0.092843
0.053875,0.287964,0.068964,0.111444,0.330586,0.054231,0.092936
0.053848,0.287418,0.069036,0.111281,0.331021,0.054331,0.093066
0.054942,0.287671,0.069165,0.112080,0.327533,0.055377,0.093232
0.056310,0.289448,0.069244,0.114203,0.320552,0.056835,0.093407
0.056056,0.288534,0.069065,0.112791,0.324143,0.055974,0.093437
0.056585,0.286858,0.069351,0.111793,0.325808,0.056024,0.093582
0.055034,0.283667,0.069253,0.108286,0.336173,0.054095,0.093493
0.053268,0.282899,0.069094,0.107028,0.342137,0.052330,0.093243
0.054408,0.281160,0.068875,0.105116,0.344111,0.052614,0.093716
0.055387,0.282142,0.069119,0.106967,0.338674,0.053877,0.093835
0.055351,0.284193,0.069092,0.108403,0.334654,0.054380,0.093928
0.053457,0.285622,0.068725,0.108792,0.337711,0.053039,0.092654
0.049110,0.281212,0.068674,0.105201,0.354443,0.049521,0.091839
0.050921,0.281400,0.068855,0.105400,0.349817,0.050903,0.092704
0.049736,0.278993,0.068956,0.103727,0.355966,0.049820,0.092803
0.047125,0.280635,0.068898,0.106058,0.356618,0.048545,0.092122
0.048021,0.281394,0.068741,0.105750,0.354930,0.049167,0.091997
0.049498,0.281493,0.068701,0.105306,0.352730,0.049988,0.092284
0.051552,0.284149,0.068560,0.107534,0.343952,0.051553,0.092702
0.053242,0.284766,0.068487,0.108716,0.339127,0.052971,0.092691
0.052511,0.286271,0.068159,0.109389,0.339404,0.052448,0.091817
0.051926,0.284720,0.068033,0.107735,0.343747,0.051878,0.091960
0.050205,0.284656,0.067691,0.106671,0.348910,0.050532,0.091336
0.050721,0.284984,0.067697,0.107147,0.346965,0.050873,0.091613
0.052129,0.284392,0.067769,0.107459,0.344233,0.051804,0.092215
0.052145,0.284504,0.067530,0.107632,0.344699,0.051637,0.091852
0.053154,0.285457,0.067887,0.110003,0.338946,0.052717,0.091836
0.053356,0.285082,0.067945,0.109983,0.338895,0.052807,0.091932
0.053147,0.283250,0.068033,0.108656,0.342693,0.052219,0.092001
0.052978,0.281405,0.068152,0.107105,0.346738,0.051518,0.092104
0.051032,0.282790,0.067288,0.106021,0.352098,0.049806,0.090966
0.051709,0.282245,0.067456,0.106052,0.350639,0.050299,0.091600
0.049491,0.283128,0.066773,0.105272,0.356574,0.048610,0.090152
0.049840,0.284893,0.066764,0.106717,0.352432,0.049265,0.090088
0.050497,0.286406,0.066983,0.108208,0.347279,0.050204,0.090423
0.050697,0.286922,0.067002,0.108754,0.345664,0.050447,0.090514
0.050902,0.287018,0.067067,0.108951,0.344953,0.050532,0.090578
0.051474,0.286772,0.067332,0.109296,0.342889,0.051297,0.090939
0.053015,0.287808,0.067750,0.112071,0.335502,0.052722,0.091132
0.054105,0.286655,0.068075,0.112798,0.333000,0.053590,0.091778
0.054349,0.286640,0.068239,0.113290,0.331826,0.053912,0.091744
0.057106,0.285005,0.069262,0.116858,0.321763,0.056799,0.093208
0.056581,0.283821,0.069334,0.116017,0.325266,0.055972,0.093008
0.057950,0.282516,0.070031,0.117098,0.321544,0.057303,0.093558
0.057480,0.282971,0.069621,0.115477,0.324544,0.056514,0.093394
0.057006,0.283925,0.069379,0.115320,0.325042,0.056197,0.093131
0.055988,0.286295,0.068502,0.114708,0.326910,0.055024,0.092573
0.056969,0.286221,0.068855,0.116580,0.321775,0.056591,0.093008
0.054912,0.289118,0.068043,0.115866,0.325328,0.054912,0.091820
0.054390,0.289878,0.067969,0.116252,0.324796,0.055069,0.091646
