1.000000,0.000000,0.000000,0.000000,0.000000,0.000000,0.000000
0.056920,0.035275,0.041806,0.050846,0.326350,0.451170,0.037634
0.058504,0.036577,0.043368,0.052465,0.322197,0.447629,0.039261
0.054253,0.032808,0.038683,0.048989,0.324656,0.465202,0.035409
0.059217,0.036614,0.043124,0.052780,0.307523,0.460716,0.040026
0.064116,0.039247,0.045537,0.051810,0.256289,0.499348,0.043653
0.067055,0.042057,0.049087,0.056509,0.259446,0.478323,0.047521
0.065624,0.041195,0.048057,0.056639,0.267441,0.474614,0.046430
0.068181,0.043453,0.050702,0.057564,0.261759,0.469757,0.048584
0.065233,0.041139,0.048206,0.056423,0.271917,0.471089,0.045993
0.064246,0.040218,0.047098,0.055634,0.275366,0.472543,0.044895
0.065185,0.040839,0.047394,0.054308,0.256396,0.490333,0.045545
0.066438,0.041961,0.048631,0.054560,0.252002,0.489870,0.046538
0.067720,0.043237,0.050458,0.056731,0.261147,0.472697,0.048010
0.064848,0.040668,0.047414,0.054689,0.265293,0.481858,0.045229
0.061729,0.038138,0.044562,0.053248,0.275873,0.484031,0.042419
0.061908,0.038620,0.044898,0.053314,0.272643,0.485891,0.042726
0.057378,0.034707,0.040181,0.048847,0.277497,0.503364,0.038025
0.062904,0.038952,0.045290,0.052593,0.265938,0.491234,0.043090
0.061307,0.037812,0.044014,0.052257,0.273949,0.488853,0.041808
0.058152,0.035538,0.041356,0.050454,0.286632,0.488922,0.038946
0.057085,0.035057,0.040628,0.048942,0.285657,0.494794,0.037838
0.059378,0.036703,0.042330,0.049640,0.267532,0.504474,0.039943
0.055184,0.033554,0.038770,0.047318,0.289438,0.499693,0.036043
0.063318,0.040246,0.046901,0.053881,0.278711,0.473197,0.043746
0.056105,0.034042,0.039602,0.049483,0.291444,0.491946,0.037378
0.060608,0.037487,0.043513,0.052336,0.276709,0.487905,0.041442
0.059837,0.036867,0.042932,0.052129,0.280707,0.486730,0.040798
0.053790,0.031941,0.037123,0.048869,0.293116,0.499447,0.035714
0.047277,0.026777,0.031373,0.043921,0.321760,0.499333,0.029559
0.055896,0.032981,0.038903,0.051160,0.302743,0.480996,0.037322
0.052291,0.030631,0.036169,0.050591,0.317868,0.477590,0.034859
0.049941,0.029151,0.034238,0.048907,0.320313,0.484516,0.032935
0.050634,0.029916,0.034931,0.048751,0.317028,0.485381,0.033359
0.050227,0.029424,0.034462,0.048686,0.319762,0.484395,0.033045
0.051979,0.030585,0.035748,0.049420,0.308656,0.489106,0.034506
0.057306,0.034755,0.040874,0.053968,0.304649,0.469037,0.039410
0.053995,0.032259,0.037588,0.049827,0.302954,0.487432,0.035945
0.052483,0.030873,0.035908,0.047147,0.293575,0.505768,0.034247
0.055503,0.033076,0.038218,0.048160,0.273038,0.515214,0.036791
0.056279,0.033764,0.038840,0.047693,0.263758,0.522368,0.037297
0.052709,0.031103,0.035731,0.044886,0.273507,0.528111,0.033952
0.056030,0.033694,0.038821,0.048112,0.268004,0.518071,0.037268
0.054010,0.032087,0.036827,0.046531,0.267011,0.528033,0.035502
0.055287,0.032800,0.037489,0.046152,0.255684,0.536287,0.036301
0.059618,0.036037,0.041176,0.048290,0.240950,0.533826,0.040103
0.058981,0.035746,0.040780,0.047837,0.242632,0.534460,0.039564
0.058830,0.035707,0.040711,0.048077,0.243465,0.533642,0.039568
0.055260,0.032732,0.037314,0.045206,0.249669,0.543750,0.036069
0.057568,0.034547,0.039343,0.046314,0.243684,0.540526,0.038018
0.058494,0.035347,0.040342,0.047223,0.247276,0.532494,0.038822
0.052804,0.031029,0.035499,0.044088,0.265710,0.536993,0.033877
0.053430,0.031731,0.036500,0.045865,0.277111,0.520667,0.034696
0.052223,0.030838,0.035475,0.044887,0.283647,0.519440,0.033489
0.054068,0.032079,0.037118,0.046403,0.284814,0.510461,0.035057
0.054286,0.032184,0.037179,0.045967,0.279794,0.515488,0.035103
0.050836,0.029551,0.033932,0.042612,0.280519,0.530667,0.031884
0.055265,0.032949,0.037898,0.045450,0.269693,0.523051,0.035693
0.051980,0.030812,0.035276,0.042563,0.276740,0.529968,0.032660
0.053335,0.032022,0.036649,0.043202,0.274742,0.526337,0.033713
0.053972,0.032520,0.037243,0.043323,0.270400,0.528328,0.034213
0.050707,0.029688,0.033699,0.039908,0.259419,0.555269,0.031310
0.051641,0.030240,0.034103,0.039524,0.247707,0.564906,0.031880
0.055548,0.033414,0.037890,0.042474,0.247459,0.547954,0.035261
0.055454,0.033302,0.037811,0.042381,0.249359,0.546597,0.035096
0.056861,0.034089,0.038702,0.042548,0.242265,0.549441,0.036094
0.057451,0.034499,0.039145,0.042826,0.241180,0.548340,0.036559
0.052768,0.030495,0.034549,0.039049,0.247441,0.563551,0.032146
0.057940,0.034324,0.038939,0.041904,0.235052,0.555382,0.036458
0.059015,0.035048,0.039694,0.042011,0.229853,0.557135,0.037244
0.056215,0.032910,0.037188,0.040173,0.233139,0.565542,0.034833
0.062923,0.038204,0.043329,0.044292,0.223395,0.547145,0.040711
0.062163,0.037602,0.042822,0.044405,0.234071,0.538982,0.039954
0.069535,0.042612,0.048216,0.045207,0.197626,0.551048,0.045755
0.071483,0.044238,0.050172,0.046411,0.197664,0.542557,0.047476
0.070062,0.043188,0.049042,0.045758,0.203928,0.542004,0.046019
0.070824,0.043460,0.049400,0.046090,0.200425,0.543037,0.046763
0.075818,0.047256,0.053745,0.048620,0.189004,0.534014,0.051543
0.071224,0.043219,0.049218,0.046188,0.198922,0.544277,0.046951
0.078764,0.048816,0.055843,0.050242,0.188055,0.524254,0.054027
0.084285,0.053529,0.061575,0.054077,0.183630,0.503032,0.059871
0.081844,0.051520,0.059138,0.052703,0.186993,0.510438,0.057363
0.077935,0.048225,0.055232,0.050648,0.190325,0.523948,0.053686
0.073837,0.044491,0.050692,0.047487,0.189008,0.544960,0.049525
0.075232,0.045641,0.051798,0.046835,0.179594,0.550405,0.050495
0.072748,0.043986,0.049898,0.045853,0.188521,0.550896,0.048098
0.071684,0.042959,0.048758,0.045479,0.188972,0.554884,0.047263
0.068716,0.040506,0.046028,0.044408,0.193880,0.561731,0.044731
0.069053,0.040555,0.046071,0.044500,0.191943,0.562889,0.044990
0.073891,0.044594,0.050710,0.043402,0.186892,0.553202,0.047310
0.073963,0.044975,0.050961,0.041669,0.182259,0.559547,0.046626
0.078130,0.048479,0.054855,0.043163,0.172345,0.552583,0.050445
0.065552,0.038920,0.044644,0.037542,0.209142,0.565492,0.038709
0.065682,0.038930,0.044886,0.038849,0.218480,0.554071,0.039102
0.069868,0.041947,0.048246,0.040483,0.205043,0.551798,0.042616
0.067262,0.039422,0.044996,0.037905,0.197876,0.572476,0.040063
0.066339,0.038825,0.044257,0.037219,0.199315,0.574863,0.039182
0.068847,0.040505,0.046216,0.038557,0.194716,0.569833,0.041326
0.067722,0.039622,0.045303,0.037791,0.201412,0.568130,0.040021
0.072111,0.043101,0.049596,0.039625,0.200005,0.552179,0.043383
0.047380,0.026133,0.028625,0.025145,0.179257,0.668731,0.024730
0.056431,0.033089,0.036355,0.029377,0.165884,0.647196,0.031668
0.046363,0.025921,0.028608,0.025624,0.194116,0.655139,0.024229
0.046139,0.025437,0.028038,0.025244,0.191612,0.659582,0.023947
0.046661,0.026116,0.028928,0.026101,0.199047,0.648691,0.024455
0.042156,0.023045,0.025468,0.024239,0.204548,0.659030,0.021513
0.040467,0.021854,0.024142,0.023181,0.207310,0.662808,0.020238
0.042876,0.023518,0.025953,0.024175,0.198867,0.662700,0.021911
0.038962,0.020724,0.022828,0.021997,0.204788,0.671583,0.019118
0.044030,0.024328,0.026729,0.024192,0.189440,0.668639,0.022641
0.041705,0.022844,0.025053,0.022906,0.191791,0.674702,0.020998
0.044316,0.025082,0.027489,0.024571,0.185249,0.670154,0.023139
0.036290,0.019772,0.021636,0.021497,0.205778,0.677114,0.017913
0.035052,0.018974,0.021366,0.022920,0.248463,0.635910,0.017315
0.051213,0.031234,0.035335,0.031777,0.221919,0.599543,0.028979
0.041522,0.023335,0.026245,0.025373,0.225410,0.636681,0.021435
0.040790,0.022542,0.025053,0.023459,0.208277,0.659331,0.020549
0.042412,0.023681,0.026331,0.024065,0.205826,0.656121,0.021563
0.045668,0.025977,0.028934,0.025827,0.200577,0.649093,0.023923
0.041648,0.023657,0.026662,0.025148,0.228824,0.632694,0.021367
0.044118,0.025063,0.028261,0.025990,0.221199,0.632479,0.022889
0.047037,0.026875,0.030146,0.027004,0.207248,0.636782,0.024908
0.046328,0.026569,0.030050,0.027525,0.221815,0.623192,0.024520
0.043614,0.024295,0.027358,0.025423,0.220370,0.636593,0.022347
0.049295,0.028656,0.032238,0.028172,0.208092,0.627048,0.026498
0.041725,0.023116,0.026157,0.024973,0.229850,0.632993,0.021186
0.039709,0.021549,0.024382,0.023773,0.234795,0.636105,0.019687
0.046761,0.026521,0.030076,0.027296,0.221939,0.622873,0.024533
0.046058,0.025896,0.028966,0.025659,0.200889,0.648603,0.023928
0.044093,0.024430,0.027001,0.023762,0.189462,0.668834,0.022417
0.041751,0.022738,0.025199,0.022676,0.197013,0.669892,0.020731
0.043156,0.023726,0.026596,0.023879,0.205859,0.655116,0.021668
0.045842,0.025329,0.028270,0.024468,0.190984,0.661723,0.023384
0.045899,0.025500,0.028504,0.024640,0.192603,0.659390,0.023464
0.048467,0.027435,0.030642,0.025695,0.186838,0.655641,0.025281
0.044486,0.024581,0.027501,0.024351,0.196750,0.659695,0.022637
0.050931,0.028627,0.030536,0.022424,0.124158,0.716736,0.026589
0.052253,0.029837,0.031742,0.023108,0.122869,0.712496,0.027695
0.049646,0.027978,0.030133,0.023138,0.140353,0.702944,0.025808
0.045866,0.024867,0.026757,0.021370,0.143672,0.714465,0.023004
0.049511,0.027471,0.029507,0.022378,0.136651,0.709077,0.025406
0.044888,0.024028,0.025845,0.020240,0.139887,0.723049,0.022062
0.046511,0.024918,0.026625,0.020711,0.130580,0.727333,0.023321
0.045645,0.024487,0.026301,0.021116,0.140497,0.719106,0.022848
0.046661,0.025198,0.027112,0.021897,0.141869,0.713584,0.023680
0.040941,0.020975,0.022430,0.019213,0.140323,0.736304,0.019815
0.043756,0.022745,0.024365,0.020475,0.139371,0.727628,0.021660
0.044057,0.022793,0.024414,0.020157,0.136969,0.729965,0.021645
0.044067,0.022892,0.024582,0.020072,0.140367,0.726519,0.021500
0.048121,0.025394,0.027422,0.021996,0.138993,0.713803,0.024272
0.041774,0.021089,0.022545,0.018474,0.134813,0.741498,0.019807
0.044509,0.023055,0.024539,0.019035,0.127692,0.739665,0.021504
0.043973,0.022599,0.023887,0.017942,0.119759,0.750945,0.020896
0.051207,0.028435,0.030340,0.020311,0.123336,0.721001,0.025370
0.054156,0.030500,0.032669,0.021465,0.124027,0.709840,0.027344
0.048185,0.025776,0.027581,0.019262,0.129343,0.726714,0.023139
0.052103,0.028883,0.031406,0.021510,0.139237,0.700999,0.025862
0.046151,0.024869,0.027099,0.019645,0.150248,0.710022,0.021965
0.043772,0.023688,0.025981,0.018904,0.159089,0.708078,0.020487
0.049381,0.027797,0.030555,0.020716,0.150144,0.697266,0.024140
0.047071,0.026400,0.029187,0.020394,0.161060,0.693169,0.022719
0.049337,0.028025,0.030978,0.021252,0.157650,0.688516,0.024243
0.048299,0.027187,0.030028,0.020643,0.156975,0.693407,0.023461
0.045730,0.025286,0.027894,0.019695,0.160568,0.699056,0.021770
0.046670,0.026195,0.028976,0.020379,0.162847,0.692415,0.022518
0.040783,0.022466,0.024666,0.017743,0.159407,0.716021,0.018914
0.035813,0.019619,0.021757,0.016162,0.175755,0.714849,0.016045
0.039999,0.022741,0.025531,0.018412,0.181886,0.692678,0.018753
0.041207,0.023454,0.026618,0.019228,0.189116,0.680894,0.019483
0.044183,0.025883,0.029580,0.020965,0.191668,0.666101,0.021620
0.041742,0.024184,0.028032,0.020890,0.209406,0.655494,0.020252
0.047473,0.028580,0.033612,0.024537,0.216833,0.624586,0.024380
0.037007,0.020784,0.024392,0.019866,0.236470,0.644046,0.017434
0.042011,0.024359,0.028669,0.022400,0.233852,0.628066,0.020643
0.037713,0.021034,0.024566,0.019660,0.230509,0.648878,0.017639
0.040622,0.023024,0.026751,0.020595,0.220665,0.648977,0.019365
0.042946,0.024171,0.027307,0.019367,0.183565,0.682414,0.020229
0.044604,0.025233,0.028606,0.020119,0.183800,0.676384,0.021254
0.043023,0.024067,0.027128,0.019286,0.179081,0.687155,0.020261
0.042607,0.023845,0.026769,0.018795,0.175125,0.692928,0.019931
0.040629,0.022734,0.025138,0.017521,0.161890,0.713271,0.018817
0.040321,0.022553,0.024958,0.017719,0.165124,0.710592,0.018733
0.032260,0.016936,0.018743,0.014658,0.178457,0.725075,0.013871
0.035387,0.019147,0.021234,0.016054,0.176127,0.716286,0.015766
0.036558,0.019981,0.022193,0.016697,0.175849,0.712188,0.016534
0.030629,0.015900,0.017640,0.014136,0.181988,0.726700,0.013007
0.034707,0.018733,0.020777,0.015857,0.177897,0.716635,0.015394
0.033291,0.017807,0.019845,0.015455,0.182028,0.716951,0.014623
0.033334,0.017916,0.020048,0.015745,0.185924,0.712289,0.014744
0.033031,0.017826,0.020024,0.015970,0.191613,0.706866,0.014669
0.036214,0.020152,0.022821,0.017892,0.195905,0.690274,0.016741
0.030067,0.015828,0.017852,0.015024,0.201933,0.706303,0.012994
0.032628,0.017358,0.019487,0.015644,0.192388,0.708186,0.014310
0.033451,0.017922,0.020098,0.015865,0.190976,0.706944,0.014746
0.034427,0.018875,0.021072,0.016141,0.183259,0.710791,0.015436
0.034897,0.019308,0.021687,0.016756,0.186478,0.704999,0.015876
0.030064,0.016067,0.017899,0.014439,0.183773,0.724727,0.013030
0.028447,0.014924,0.016331,0.013146,0.168470,0.746640,0.012042
0.032099,0.017351,0.018663,0.013899,0.146942,0.756990,0.014056
0.025241,0.013019,0.014358,0.012445,0.186220,0.738288,0.010428
0.023890,0.012157,0.013607,0.012305,0.204711,0.723596,0.009734
0.023865,0.012123,0.013493,0.012044,0.196717,0.732058,0.009700
0.024058,0.012296,0.013688,0.012259,0.197810,0.730042,0.009847
0.024994,0.012978,0.014566,0.013104,0.205660,0.718242,0.010456
0.027104,0.014289,0.016166,0.014605,0.213180,0.702958,0.011697
0.026248,0.013658,0.015243,0.013662,0.198637,0.721419,0.011133
0.022690,0.011415,0.012766,0.012185,0.208323,0.723400,0.009221
0.027197,0.014273,0.016118,0.014790,0.212255,0.703594,0.011773
0.033331,0.018421,0.021033,0.018261,0.214518,0.678930,0.015505
0.031032,0.016528,0.018995,0.017422,0.227430,0.674581,0.014011
0.031244,0.016628,0.019023,0.017126,0.221291,0.680659,0.014028
0.038042,0.021355,0.024420,0.020473,0.209105,0.668275,0.018330
0.031504,0.016786,0.019201,0.017663,0.224961,0.675598,0.014287
0.033241,0.018213,0.020967,0.019227,0.227166,0.665569,0.015617
0.032763,0.018018,0.020472,0.018193,0.209582,0.685691,0.015281
0.034138,0.019419,0.022390,0.018988,0.207447,0.681236,0.016383
0.034067,0.019075,0.021677,0.017890,0.191465,0.699808,0.016019
0.034730,0.019545,0.022219,0.017956,0.191297,0.697936,0.016317
0.037824,0.021901,0.025035,0.019662,0.189715,0.687423,0.018441
0.036026,0.020564,0.023501,0.018735,0.190780,0.693146,0.017247
0.040475,0.024233,0.027709,0.021054,0.185527,0.680598,0.020403
0.032355,0.018474,0.021159,0.017343,0.194049,0.701358,0.015262
0.032119,0.017926,0.020023,0.016047,0.175838,0.723321,0.014726
0.036434,0.020975,0.023149,0.017321,0.159196,0.725611,0.017314
0.040752,0.024095,0.026438,0.018863,0.148603,0.721168,0.020081
0.040436,0.023415,0.025644,0.018603,0.150497,0.721763,0.019641
0.038537,0.021719,0.023892,0.018303,0.162077,0.717107,0.018365
0.047884,0.029056,0.032540,0.024328,0.173897,0.667063,0.025232
0.043607,0.025963,0.029709,0.024963,0.212394,0.640629,0.022734
0.036849,0.020959,0.023986,0.021396,0.221476,0.657245,0.018090
0.037115,0.021656,0.024281,0.020036,0.187221,0.691374,0.018319
0.035623,0.020569,0.023769,0.020739,0.219797,0.662009,0.017495
0.046723,0.029224,0.033549,0.025482,0.191028,0.648798,0.025196
0.039722,0.023832,0.027179,0.021773,0.198285,0.669066,0.020143
0.033815,0.019106,0.021679,0.018497,0.206331,0.684587,0.015985
0.034287,0.018667,0.020960,0.018612,0.204193,0.687266,0.016015
0.031450,0.016513,0.018387,0.016864,0.200146,0.702501,0.014139
0.025949,0.013031,0.014457,0.013911,0.203568,0.718182,0.010902
0.033052,0.017527,0.019484,0.017139,0.190773,0.707028,0.014996
0.029263,0.014786,0.016432,0.015321,0.195429,0.716105,0.012664
0.032145,0.016490,0.018045,0.015656,0.169802,0.733659,0.014202
0.031278,0.016174,0.017462,0.014606,0.156265,0.750532,0.013683
0.031353,0.016325,0.017816,0.015134,0.167893,0.737684,0.013795
0.026794,0.013268,0.014451,0.012896,0.170210,0.751274,0.011107
0.027991,0.014137,0.015380,0.013579,0.170352,0.746705,0.011855
0.026859,0.013337,0.014572,0.013488,0.183022,0.737508,0.011214
0.027624,0.013859,0.015203,0.014085,0.187572,0.729959,0.011699
0.028405,0.014203,0.015655,0.014867,0.196560,0.718160,0.012150
0.029177,0.014671,0.016251,0.015680,0.203172,0.708384,0.012664
0.027773,0.013805,0.015280,0.015274,0.208972,0.706968,0.011929
0.026867,0.013327,0.014808,0.015162,0.217784,0.700577,0.011475
0.025363,0.012206,0.013415,0.013803,0.203793,0.720905,0.010516
0.025223,0.012000,0.013115,0.013323,0.194808,0.731186,0.010345
0.026568,0.012747,0.013880,0.013655,0.183551,0.738538,0.011061
0.026362,0.012518,0.013529,0.013263,0.174688,0.748726,0.010914
0.026541,0.012322,0.013175,0.012929,0.160563,0.763521,0.010949
0.029846,0.014373,0.015211,0.013872,0.144122,0.769749,0.012828
0.028642,0.013540,0.014161,0.012850,0.129895,0.788750,0.012162
0.025207,0.011557,0.011995,0.011238,0.126809,0.802931,0.010262
0.023676,0.010921,0.011605,0.011732,0.161986,0.770572,0.009507
0.020474,0.009079,0.009711,0.010629,0.177501,0.764749,0.007857
0.021703,0.009741,0.010470,0.011447,0.182896,0.755241,0.008503
0.019991,0.008760,0.009444,0.010808,0.191432,0.751930,0.007635
0.020208,0.008872,0.009538,0.010688,0.185182,0.757798,0.007714
0.019896,0.008587,0.009222,0.010644,0.185687,0.758393,0.007571
0.019213,0.008227,0.008859,0.010543,0.191725,0.754161,0.007272
0.020365,0.008874,0.009580,0.011355,0.196285,0.745653,0.007888
0.018134,0.007788,0.008472,0.010741,0.217707,0.730325,0.006833
0.017805,0.007608,0.008287,0.010400,0.216385,0.732885,0.006630
0.019553,0.008576,0.009354,0.011275,0.211851,0.731884,0.007506
0.019623,0.008585,0.009350,0.011305,0.209365,0.734220,0.007552
0.017491,0.007503,0.008219,0.010663,0.231084,0.718497,0.006544
0.015522,0.006557,0.007245,0.009936,0.254643,0.700471,0.005626
0.015301,0.006452,0.007068,0.009314,0.238344,0.718060,0.005463
0.016157,0.006939,0.007576,0.009622,0.229031,0.724803,0.005871
0.014491,0.006144,0.006737,0.009017,0.245808,0.712670,0.005133
0.013359,0.005473,0.006024,0.008419,0.257362,0.704791,0.004572
0.016199,0.007198,0.008057,0.009837,0.258215,0.694607,0.005887
0.017697,0.008040,0.009008,0.010603,0.253432,0.694605,0.006616
0.017434,0.007782,0.008617,0.010242,0.241750,0.707729,0.006446
0.017174,0.007597,0.008406,0.010230,0.246540,0.703733,0.006320
0.016824,0.007453,0.008344,0.010470,0.269082,0.681638,0.006188
0.018041,0.008076,0.009024,0.010986,0.260927,0.686195,0.006750
0.019141,0.008625,0.009602,0.011552,0.255344,0.688448,0.007289
0.018442,0.008339,0.009323,0.011305,0.262438,0.683177,0.006976
0.016687,0.007563,0.008636,0.010789,0.286881,0.663220,0.006225
0.014059,0.006158,0.007017,0.009134,0.289655,0.669010,0.004967
0.017702,0.008164,0.009346,0.011159,0.278237,0.668687,0.006705
0.017596,0.008026,0.009191,0.011094,0.279767,0.667703,0.006624
0.017559,0.007943,0.009134,0.011500,0.297306,0.649930,0.006628
0.015468,0.006768,0.007825,0.010524,0.316983,0.636801,0.005630
0.017050,0.007614,0.008793,0.011352,0.307956,0.640865,0.006369
0.015158,0.006550,0.007543,0.010127,0.308855,0.646326,0.005442
0.011967,0.005045,0.005800,0.008548,0.323982,0.640557,0.004102
0.012709,0.005470,0.006335,0.009149,0.328826,0.633051,0.004461
0.010142,0.004170,0.004836,0.007690,0.350914,0.618895,0.003353
0.008707,0.003464,0.004020,0.006882,0.367987,0.606171,0.002769
0.008744,0.003498,0.004062,0.006945,0.370482,0.603478,0.002790
0.008200,0.003284,0.003811,0.006558,0.368812,0.606747,0.002589
0.007903,0.003187,0.003706,0.006343,0.367162,0.609212,0.002487
0.007231,0.002865,0.003350,0.006033,0.388904,0.589387,0.002230
0.007405,0.002941,0.003432,0.006156,0.387757,0.590014,0.002294
0.006691,0.002604,0.003035,0.005640,0.392482,0.587531,0.002017
0.006363,0.002442,0.002828,0.005393,0.393681,0.587407,0.001886
0.005816,0.002201,0.002552,0.005141,0.413188,0.569408,0.001693
0.005764,0.002165,0.002504,0.005057,0.409482,0.573362,0.001666
0.005463,0.002043,0.002364,0.004899,0.417417,0.566248,0.001566
0.004771,0.001767,0.002072,0.004645,0.455091,0.530304,0.001350
0.004239,0.001540,0.001805,0.004234,0.466179,0.520837,0.001165
0.004816,0.001793,0.002113,0.004807,0.470026,0.515068,0.001377
0.004679,0.001732,0.002037,0.004644,0.465398,0.520186,0.001324
0.004781,0.001788,0.002103,0.004777,0.468421,0.516763,0.001367
0.004560,0.001681,0.001972,0.004569,0.468159,0.517776,0.001283
0.004484,0.001634,0.001910,0.004401,0.456447,0.529878,0.001245
0.004678,0.001705,0.001985,0.004488,0.444820,0.541022,0.001304
0.004548,0.001645,0.001918,0.004351,0.445439,0.540844,0.001254
0.004667,0.001706,0.002007,0.004633,0.467796,0.517879,0.001313
0.004853,0.001786,0.002108,0.004824,0.470713,0.514334,0.001382
0.004283,0.001554,0.001850,0.004550,0.504440,0.482122,0.001200
0.004511,0.001648,0.001954,0.004719,0.497682,0.488211,0.001276
0.004712,0.001714,0.002015,0.004732,0.479124,0.506376,0.001327
0.004741,0.001716,0.002008,0.004716,0.471441,0.514049,0.001331
0.004880,0.001777,0.002074,0.004750,0.459398,0.525747,0.001375
0.004456,0.001599,0.001866,0.004436,0.469759,0.516654,0.001229
0.004412,0.001622,0.001936,0.004742,0.505828,0.480201,0.001258
0.005027,0.001914,0.002314,0.005478,0.514304,0.469456,0.001507
0.004761,0.001786,0.002160,0.005125,0.509884,0.474888,0.001396
0.005276,0.001965,0.002327,0.005068,0.452678,0.531157,0.001529
0.004836,0.001752,0.002051,0.004623,0.448498,0.536885,0.001354
0.004731,0.001698,0.001984,0.004564,0.453476,0.532233,0.001315
0.005085,0.001845,0.002166,0.004914,0.456610,0.527936,0.001444
0.004278,0.001489,0.001751,0.004274,0.472520,0.514530,0.001158
0.004285,0.001496,0.001750,0.004215,0.463158,0.523939,0.001157
0.004061,0.001395,0.001626,0.003970,0.462127,0.525750,0.001072
0.003714,0.001254,0.001458,0.003653,0.464229,0.524736,0.000955
0.003776,0.001263,0.001455,0.003574,0.443249,0.545722,0.000961
0.003814,0.001266,0.001446,0.003546,0.431896,0.557066,0.000966
0.003690,0.001210,0.001367,0.003372,0.418159,0.571283,0.000919
0.004109,0.001379,0.001557,0.003676,0.408640,0.579587,0.001053
0.003529,0.001150,0.001302,0.003322,0.433350,0.556472,0.000874
0.003300,0.001061,0.001199,0.003189,0.442212,0.548234,0.000806
0.003279,0.001053,0.001187,0.003124,0.431198,0.559363,0.000797
0.003158,0.001011,0.001141,0.003058,0.439248,0.551620,0.000763
0.002958,0.000944,0.001072,0.003018,0.463796,0.527499,0.000713
0.002787,0.000875,0.000987,0.002858,0.462714,0.529121,0.000659
0.002737,0.000853,0.000958,0.002775,0.453463,0.538573,0.000641
0.002567,0.000801,0.000905,0.002706,0.473960,0.518463,0.000598
0.002246,0.000697,0.000796,0.002532,0.508444,0.484769,0.000515
0.002078,0.000640,0.000734,0.002398,0.519909,0.473770,0.000470
0.002061,0.000634,0.000727,0.002376,0.518928,0.474808,0.000465
0.002052,0.000633,0.000728,0.002402,0.525246,0.468474,0.000465
0.002043,0.000632,0.000727,0.002396,0.528459,0.465281,0.000463
0.001991,0.000613,0.000703,0.002334,0.525557,0.468355,0.000448
0.001920,0.000581,0.000660,0.002188,0.507981,0.486249,0.000421
0.001932,0.000586,0.000666,0.002177,0.503483,0.490732,0.000424
0.001749,0.000524,0.000598,0.002035,0.521317,0.473402,0.000376
0.001700,0.000508,0.000584,0.002042,0.542949,0.451852,0.000366
0.001895,0.000567,0.000647,0.002174,0.518464,0.475841,0.000413
0.001612,0.000471,0.000538,0.001922,0.536433,0.458686,0.000339
0.001621,0.000474,0.000541,0.001906,0.529183,0.465935,0.000340
0.001695,0.000500,0.000571,0.001952,0.519101,0.475824,0.000358
0.001768,0.000527,0.000601,0.002013,0.513995,0.480718,0.000378
0.001843,0.000548,0.000623,0.002046,0.500288,0.494257,0.000395
0.002017,0.000600,0.000676,0.002080,0.462486,0.531708,0.000433
0.002124,0.000635,0.000712,0.002121,0.446328,0.547621,0.000458
0.002036,0.000600,0.000672,0.002016,0.440142,0.554102,0.000432
0.002218,0.000660,0.000736,0.002086,0.414926,0.578897,0.000476
0.002286,0.000688,0.000768,0.002149,0.415245,0.578367,0.000496
0.001991,0.000593,0.000668,0.001995,0.445310,0.549018,0.000424
0.002010,0.000600,0.000674,0.001995,0.438346,0.555946,0.000428
0.001976,0.000594,0.000669,0.002003,0.448019,0.546317,0.000423
0.001943,0.000588,0.000665,0.002010,0.457745,0.536632,0.000417
0.001886,0.000566,0.000640,0.001950,0.457141,0.537416,0.000401
0.001884,0.000561,0.000631,0.001920,0.449613,0.544992,0.000398
0.001669,0.000492,0.000556,0.001797,0.474860,0.520280,0.000346
0.001664,0.000490,0.000555,0.001815,0.479180,0.515949,0.000346
0.001557,0.000460,0.000524,0.001772,0.501472,0.493892,0.000323
0.001747,0.000538,0.000620,0.002004,0.505458,0.489253,0.000380
0.001584,0.000474,0.000545,0.001838,0.511504,0.483721,0.000334
0.001793,0.000551,0.000635,0.002039,0.502219,0.492372,0.000391
0.001821,0.000568,0.000659,0.002091,0.506191,0.488266,0.000403
0.001542,0.000466,0.000542,0.001844,0.525271,0.470007,0.000328
0.001435,0.000432,0.000505,0.001779,0.542749,0.452796,0.000303
0.001408,0.000422,0.000493,0.001755,0.546199,0.449427,0.000296
0.001346,0.000401,0.000469,0.001696,0.550947,0.444861,0.000280
0.001348,0.000404,0.000473,0.001703,0.550896,0.444894,0.000282
0.001187,0.000346,0.000405,0.001527,0.558474,0.437822,0.000239
0.001271,0.000379,0.000446,0.001633,0.557369,0.438639,0.000263
0.001322,0.000400,0.000473,0.001727,0.564992,0.430806,0.000280
0.001116,0.000323,0.000381,0.001494,0.575027,0.421434,0.000224
0.000938,0.000268,0.000317,0.001352,0.608434,0.388507,0.000184
0.000724,0.000201,0.000238,0.001157,0.652950,0.344594,0.000137
0.000692,0.000193,0.000231,0.001146,0.670384,0.327223,0.000131
0.000733,0.000207,0.000249,0.001203,0.665751,0.331714,0.000142
0.000750,0.000213,0.000256,0.001221,0.662130,0.335285,0.000146
0.000724,0.000206,0.000249,0.001203,0.669317,0.328160,0.000141
0.000742,0.000213,0.000258,0.001231,0.668080,0.329331,0.000146
0.000786,0.000229,0.000276,0.001280,0.659131,0.338141,0.000156
0.000768,0.000223,0.000269,0.001253,0.658866,0.338471,0.000152
0.000845,0.000250,0.000302,0.001348,0.647422,0.349662,0.000171
0.000902,0.000268,0.000324,0.001399,0.634240,0.362683,0.000184
0.000913,0.000272,0.000329,0.001418,0.634611,0.362270,0.000187
0.000955,0.000287,0.000347,0.001467,0.630489,0.366257,0.000198
0.000881,0.000262,0.000317,0.001410,0.650439,0.346510,0.000180
0.000935,0.000285,0.000350,0.001494,0.645173,0.351566,0.000197
0.000897,0.000269,0.000329,0.001423,0.642910,0.353985,0.000186
0.000902,0.000270,0.000328,0.001412,0.638671,0.358232,0.000186
0.000777,0.000228,0.000280,0.001280,0.659384,0.337894,0.000156
0.000778,0.000230,0.000283,0.001291,0.662363,0.334898,0.000158
0.000693,0.000204,0.000253,0.001227,0.687540,0.309944,0.000140
0.000675,0.000194,0.000239,0.001164,0.678364,0.319230,0.000133
0.000723,0.000210,0.000257,0.001214,0.670530,0.326924,0.000143
0.000796,0.000232,0.000280,0.001281,0.658236,0.339017,0.000158
0.000704,0.000206,0.000251,0.001226,0.689241,0.308232,0.000140
0.000714,0.000212,0.000259,0.001259,0.691709,0.305703,0.000144
0.000730,0.000217,0.000265,0.001289,0.693347,0.304005,0.000148
0.000698,0.000205,0.000251,0.001242,0.699067,0.298397,0.000140
0.000866,0.000262,0.000319,0.001459,0.680842,0.316071,0.000181
0.000657,0.000189,0.000229,0.001155,0.696144,0.301499,0.000128
0.000715,0.000208,0.000251,0.001217,0.683187,0.314282,0.000141
0.000738,0.000216,0.000260,0.001206,0.659080,0.338355,0.000145
0.000859,0.000257,0.000304,0.001315,0.633426,0.363669,0.000171
0.000330,0.000087,0.000104,0.000683,0.757570,0.241170,0.000056
0.000401,0.000108,0.000129,0.000762,0.723366,0.275165,0.000069
0.000365,0.000099,0.000119,0.000733,0.741517,0.257104,0.000063
0.000273,0.000071,0.000086,0.000605,0.777942,0.220978,0.000045
0.000260,0.000067,0.000080,0.000572,0.775832,0.223147,0.000042
0.000262,0.000067,0.000081,0.000575,0.773853,0.225120,0.000042
0.000216,0.000054,0.000065,0.000500,0.789014,0.210117,0.000034
0.000223,0.000056,0.000067,0.000506,0.780452,0.218661,0.000035
0.000230,0.000058,0.000069,0.000517,0.777683,0.221407,0.000036
0.000228,0.000058,0.000069,0.000516,0.781236,0.217856,0.000036
0.000218,0.000054,0.000065,0.000502,0.790005,0.209123,0.000034
0.000224,0.000056,0.000067,0.000515,0.790325,0.208778,0.000035
0.000229,0.000058,0.000070,0.000526,0.788402,0.210679,0.000036
0.000308,0.000081,0.000097,0.000637,0.751136,0.247689,0.000051
0.000349,0.000095,0.000113,0.000703,0.740638,0.258042,0.000060
0.000298,0.000078,0.000093,0.000606,0.741095,0.257780,0.000049
0.000270,0.000071,0.000086,0.000583,0.761887,0.237059,0.000044
0.000241,0.000061,0.000073,0.000522,0.765673,0.233393,0.000038
0.000241,0.000061,0.000073,0.000516,0.764845,0.234227,0.000038
0.000250,0.000064,0.000076,0.000538,0.769177,0.229855,0.000040
0.000337,0.000090,0.000107,0.000670,0.743632,0.255107,0.000056
0.000307,0.000080,0.000094,0.000608,0.741389,0.257472,0.000050
0.000245,0.000062,0.000073,0.000524,0.767987,0.231071,0.000038
0.000194,0.000048,0.000057,0.000447,0.790942,0.208284,0.000029
0.000187,0.000047,0.000055,0.000444,0.800638,0.198601,0.000028
0.000166,0.000041,0.000049,0.000417,0.817711,0.181591,0.000025
0.000144,0.000035,0.000042,0.000372,0.822187,0.177199,0.000021
0.000159,0.000038,0.000046,0.000384,0.803324,0.196026,0.000023
0.000149,0.000036,0.000042,0.000369,0.810541,0.188842,0.000021
0.000137,0.000033,0.000039,0.000355,0.821084,0.178332,0.000020
0.000090,0.000021,0.000025,0.000268,0.854132,0.145451,0.000012
0.000088,0.000020,0.000024,0.000267,0.858551,0.141037,0.000012
0.000118,0.000028,0.000034,0.000328,0.838716,0.160759,0.000017
0.000119,0.000028,0.000034,0.000330,0.838532,0.160940,0.000017
0.000166,0.000041,0.000048,0.000402,0.804373,0.194945,0.000025
0.000170,0.000041,0.000049,0.000404,0.802066,0.197245,0.000025
0.000164,0.000040,0.000047,0.000396,0.806484,0.192845,0.000024
0.000169,0.000041,0.000048,0.000401,0.803229,0.196087,0.000025
0.000164,0.000039,0.000047,0.000395,0.805458,0.193872,0.000024
0.000150,0.000036,0.000043,0.000374,0.813366,0.186009,0.000022
0.000159,0.000038,0.000046,0.000393,0.813510,0.185830,0.000023
0.000157,0.000038,0.000046,0.000395,0.815848,0.183492,0.000023
0.000163,0.000040,0.000048,0.000400,0.806935,0.192390,0.000024
0.000188,0.000046,0.000055,0.000441,0.799183,0.200059,0.000028
0.000177,0.000043,0.000051,0.000419,0.802641,0.196643,0.000026
0.000174,0.000042,0.000051,0.000420,0.807387,0.191899,0.000026
0.000141,0.000033,0.000040,0.000363,0.826039,0.173364,0.000020
0.000137,0.000032,0.000038,0.000355,0.828025,0.171393,0.000020
0.000119,0.000027,0.000032,0.000317,0.835373,0.164114,0.000016
0.000106,0.000024,0.000028,0.000289,0.839350,0.160189,0.000014
0.000107,0.000024,0.000028,0.000290,0.837875,0.161661,0.000014
0.000094,0.000021,0.000025,0.000267,0.850326,0.149255,0.000012
0.000092,0.000021,0.000025,0.000270,0.859942,0.139638,0.000012
0.000103,0.000024,0.000028,0.000297,0.857926,0.141608,0.000014
0.000085,0.000019,0.000023,0.000260,0.867461,0.132140,0.000012
0.000078,0.000017,0.000021,0.000246,0.875991,0.123637,0.000010
0.000080,0.000018,0.000022,0.000248,0.870121,0.129500,0.000011
0.000078,0.000017,0.000021,0.000243,0.870915,0.128716,0.000010
0.000066,0.000014,0.000017,0.000214,0.878235,0.121445,0.000008
0.000064,0.000014,0.000016,0.000208,0.879588,0.120101,0.000008
0.000084,0.000019,0.000022,0.000243,0.852396,0.147226,0.000011
0.000090,0.000020,0.000023,0.000249,0.841871,0.157735,0.000012
0.000117,0.000026,0.000030,0.000293,0.816450,0.183068,0.000015
0.000145,0.000033,0.000038,0.000336,0.794807,0.204620,0.000020
0.000138,0.000031,0.000036,0.000320,0.795147,0.204310,0.000018
0.000145,0.000033,0.000038,0.000331,0.790289,0.209145,0.000019
0.000154,0.000036,0.000041,0.000347,0.785570,0.213832,0.000021
0.000141,0.000032,0.000037,0.000323,0.788565,0.210882,0.000019
0.000147,0.000033,0.000038,0.000326,0.777040,0.222395,0.000020
0.000206,0.000048,0.000055,0.000406,0.740680,0.258576,0.000029
0.000243,0.000058,0.000066,0.000454,0.723194,0.275951,0.000035
0.000195,0.000045,0.000052,0.000394,0.749944,0.249343,0.000027
0.000203,0.000048,0.000055,0.000409,0.748988,0.250269,0.000028
0.000212,0.000050,0.000057,0.000410,0.731699,0.267541,0.000030
0.000251,0.000061,0.000069,0.000462,0.714071,0.285050,0.000036
0.000263,0.000064,0.000073,0.000481,0.713259,0.285823,0.000038
0.000260,0.000064,0.000073,0.000487,0.723082,0.275997,0.000038
0.000247,0.000060,0.000069,0.000471,0.731082,0.268035,0.000036
0.000232,0.000056,0.000064,0.000452,0.737509,0.261653,0.000033
0.000246,0.000060,0.000070,0.000475,0.733595,0.265519,0.000036
0.000245,0.000060,0.000070,0.000475,0.735062,0.264052,0.000036
0.000220,0.000053,0.000062,0.000442,0.747377,0.251815,0.000032
0.000236,0.000057,0.000066,0.000459,0.736879,0.262269,0.000034
0.000260,0.000064,0.000074,0.000487,0.722459,0.276619,0.000038
0.000228,0.000055,0.000064,0.000445,0.736637,0.262538,0.000033
0.000216,0.000052,0.000060,0.000431,0.743489,0.255721,0.000031
0.000191,0.000045,0.000052,0.000393,0.756517,0.242776,0.000027
0.000218,0.000052,0.000060,0.000434,0.746844,0.252360,0.000031
0.000143,0.000034,0.000040,0.000357,0.819234,0.180172,0.000020
0.000143,0.000033,0.000039,0.000351,0.814911,0.184503,0.000020
0.000156,0.000036,0.000043,0.000367,0.802566,0.196810,0.000022
0.000158,0.000037,0.000044,0.000372,0.802767,0.196600,0.000022
0.000163,0.000038,0.000045,0.000375,0.794582,0.204773,0.000023
0.000161,0.000038,0.000045,0.000372,0.793725,0.205635,0.000023
0.000154,0.000036,0.000043,0.000363,0.799541,0.199841,0.000022
0.000134,0.000031,0.000037,0.000338,0.817594,0.181847,0.000019
0.000135,0.000031,0.000038,0.000341,0.820424,0.179012,0.000019
0.000163,0.000039,0.000047,0.000394,0.807405,0.191928,0.000024
0.000190,0.000046,0.000056,0.000437,0.793055,0.206187,0.000028
0.000200,0.000049,0.000059,0.000454,0.790224,0.208985,0.000030
0.000194,0.000047,0.000057,0.000446,0.794671,0.204555,0.000029
0.000204,0.000050,0.000061,0.000463,0.790570,0.208621,0.000031
0.000224,0.000056,0.000068,0.000502,0.787259,0.211856,0.000035
0.000231,0.000057,0.000070,0.000508,0.780824,0.218274,0.000036
0.000268,0.000068,0.000082,0.000558,0.765128,0.233853,0.000043
0.000239,0.000059,0.000071,0.000508,0.772716,0.226370,0.000037
0.000219,0.000053,0.000065,0.000480,0.781464,0.217686,0.000033
0.000294,0.000076,0.000095,0.000612,0.757779,0.241095,0.000049
0.000277,0.000070,0.000088,0.000581,0.760132,0.238807,0.000045
0.000275,0.000070,0.000088,0.000584,0.763994,0.234943,0.000045
0.000281,0.000072,0.000091,0.000591,0.756965,0.241954,0.000046
0.000228,0.000058,0.000072,0.000512,0.773991,0.225101,0.000037
0.000247,0.000063,0.000080,0.000549,0.771988,0.227033,0.000040
0.000232,0.000059,0.000075,0.000533,0.782313,0.216750,0.000038
0.000241,0.000062,0.000079,0.000552,0.780717,0.218310,0.000040
0.000207,0.000052,0.000067,0.000498,0.792214,0.206928,0.000034
0.000223,0.000057,0.000073,0.000527,0.788568,0.210516,0.000037
0.000245,0.000063,0.000080,0.000558,0.774344,0.224669,0.000041
0.000218,0.000056,0.000071,0.000511,0.778078,0.221031,0.000036
0.000247,0.000064,0.000083,0.000570,0.772056,0.226938,0.000042
0.000261,0.000069,0.000089,0.000600,0.768045,0.230891,0.000045
0.000276,0.000073,0.000095,0.000618,0.757173,0.241717,0.000048
0.000136,0.000033,0.000043,0.000376,0.815050,0.184340,0.000021
0.000101,0.000024,0.000031,0.000312,0.843549,0.155968,0.000015
0.000087,0.000020,0.000027,0.000284,0.855896,0.143672,0.000013
0.000070,0.000016,0.000021,0.000246,0.870735,0.128902,0.000010
0.000052,0.000012,0.000015,0.000202,0.891149,0.108563,0.000007
0.000063,0.000014,0.000019,0.000233,0.881171,0.118491,0.000009
0.000051,0.000011,0.000015,0.000205,0.895516,0.104194,0.000007
0.000042,0.000009,0.000012,0.000180,0.906647,0.093103,0.000006
0.000039,0.000008,0.000011,0.000170,0.911340,0.088426,0.000005
0.000043,0.000009,0.000012,0.000181,0.903515,0.096234,0.000006
0.000038,0.000008,0.000011,0.000167,0.909783,0.089988,0.000005
0.000040,0.000009,0.000011,0.000172,0.907720,0.092043,0.000005
0.000036,0.000008,0.000010,0.000161,0.912519,0.087261,0.000005
0.000033,0.000007,0.000009,0.000154,0.916765,0.083027,0.000004
0.000032,0.000007,0.000009,0.000148,0.920490,0.079311,0.000004
0.000031,0.000007,0.000009,0.000147,0.920734,0.079067,0.000004
0.000031,0.000007,0.000009,0.000146,0.921370,0.078434,0.000004
0.000030,0.000006,0.000008,0.000142,0.921048,0.078762,0.000004
0.000028,0.000006,0.000008,0.000136,0.923687,0.076132,0.000004
0.000027,0.000006,0.000007,0.000130,0.923551,0.076276,0.000003
0.000023,0.000005,0.000006,0.000118,0.927976,0.071870,0.000003
0.000020,0.000004,0.000005,0.000104,0.932995,0.066870,0.000002
0.000029,0.000006,0.000008,0.000134,0.914842,0.084976,0.000004
0.000028,0.000006,0.000007,0.000129,0.918061,0.081765,0.000003
0.000030,0.000006,0.000008,0.000136,0.913749,0.086067,0.000004
0.000029,0.000006,0.000008,0.000135,0.916410,0.083408,0.000004
0.000022,0.000005,0.000006,0.000116,0.932186,0.067663,0.000003
0.000021,0.000004,0.000006,0.000110,0.932340,0.067517,0.000003
0.000018,0.000004,0.000005,0.000101,0.936547,0.063322,0.000002
0.000018,0.000004,0.000005,0.000100,0.936431,0.063441,0.000002
0.000019,0.000004,0.000005,0.000102,0.935207,0.064661,0.000002
0.000021,0.000004,0.000006,0.000109,0.930839,0.069019,0.000003
0.000023,0.000005,0.000006,0.000117,0.925754,0.074092,0.000003
0.000029,0.000006,0.000008,0.000136,0.914991,0.084824,0.000004
0.000028,0.000006,0.000008,0.000131,0.916512,0.083312,0.000004
0.000035,0.000008,0.000010,0.000151,0.903742,0.096051,0.000004
0.000064,0.000014,0.000018,0.000209,0.848085,0.151603,0.000008
0.000072,0.000016,0.000020,0.000224,0.835481,0.164177,0.000010
0.000070,0.000016,0.000020,0.000222,0.838880,0.160782,0.000009
0.000072,0.000016,0.000021,0.000226,0.833688,0.165966,0.000010
0.000063,0.000014,0.000018,0.000205,0.843106,0.156586,0.000008
0.000050,0.000011,0.000014,0.000176,0.860757,0.138986,0.000006
0.000046,0.000010,0.000013,0.000168,0.868080,0.131678,0.000006
0.000035,0.000007,0.000009,0.000141,0.889191,0.110612,0.000004
0.000032,0.000007,0.000009,0.000136,0.893421,0.106391,0.000004
0.000030,0.000006,0.000008,0.000129,0.899806,0.100017,0.000004
0.000027,0.000006,0.000007,0.000123,0.905614,0.094219,0.000003
0.000026,0.000005,0.000007,0.000119,0.908985,0.090854,0.000003
0.000028,0.000006,0.000008,0.000128,0.906432,0.093395,0.000004
0.000033,0.000007,0.000009,0.000141,0.894929,0.104877,0.000004
0.000033,0.000007,0.000009,0.000140,0.894227,0.105579,0.000004
0.000034,0.000007,0.000009,0.000142,0.893878,0.105925,0.000004
0.000039,0.000008,0.000011,0.000157,0.881837,0.117941,0.000005
0.000033,0.000007,0.000009,0.000142,0.894410,0.105394,0.000004
0.000033,0.000007,0.000009,0.000144,0.899077,0.100726,0.000004
0.000039,0.000008,0.000011,0.000159,0.890659,0.109119,0.000005
0.000042,0.000009,0.000012,0.000168,0.883278,0.116485,0.000006
0.000043,0.000009,0.000012,0.000168,0.878592,0.121169,0.000006
0.000044,0.000009,0.000012,0.000169,0.876318,0.123441,0.000006
0.000044,0.000009,0.000012,0.000168,0.874293,0.125467,0.000006
0.000042,0.000009,0.000012,0.000162,0.875592,0.124177,0.000005
0.000037,0.000008,0.000010,0.000150,0.883268,0.116521,0.000005
0.000038,0.000008,0.000011,0.000154,0.881298,0.118486,0.000005
0.000037,0.000008,0.000010,0.000147,0.878692,0.121102,0.000005
0.000041,0.000009,0.000011,0.000158,0.873365,0.126410,0.000005
0.000057,0.000012,0.000016,0.000196,0.847573,0.152137,0.000008
0.000047,0.000010,0.000013,0.000172,0.862930,0.136822,0.000006
0.000039,0.000008,0.000011,0.000155,0.876901,0.122881,0.000005
0.000040,0.000009,0.000011,0.000158,0.875578,0.124198,0.000005
0.000044,0.000010,0.000013,0.000170,0.871452,0.128305,0.000006
0.000035,0.000008,0.000010,0.000151,0.894488,0.105303,0.000005
0.000034,0.000007,0.000010,0.000149,0.898984,0.100812,0.000004
0.000031,0.000007,0.000009,0.000142,0.903561,0.096246,0.000004
0.000030,0.000006,0.000008,0.000137,0.906610,0.093204,0.000004
0.000026,0.000006,0.000007,0.000127,0.912296,0.087535,0.000003
0.000027,0.000006,0.000008,0.000129,0.910623,0.089204,0.000003
0.000028,0.000006,0.000008,0.000131,0.909847,0.089978,0.000004
0.000024,0.000005,0.000007,0.000121,0.919516,0.080324,0.000003
0.000023,0.000005,0.000007,0.000119,0.921155,0.078689,0.000003
0.000022,0.000005,0.000006,0.000114,0.924253,0.075599,0.000003
0.000021,0.000004,0.000006,0.000111,0.923708,0.076147,0.000003
0.000023,0.000005,0.000006,0.000116,0.921965,0.077882,0.000003
0.000022,0.000005,0.000006,0.000115,0.922924,0.076925,0.000003
0.000022,0.000005,0.000006,0.000112,0.924575,0.075278,0.000003
0.000022,0.000005,0.000006,0.000114,0.921907,0.077944,0.000003
0.000021,0.000004,0.000006,0.000108,0.923456,0.076403,0.000003
0.000021,0.000004,0.000006,0.000107,0.921616,0.078244,0.000003
0.000019,0.000004,0.000005,0.000102,0.925479,0.074388,0.000002
0.000021,0.000004,0.000006,0.000107,0.922123,0.077736,0.000003
0.000016,0.000003,0.000004,0.000092,0.931814,0.068068,0.000002
