1.000000,0.000000,0.000000,0.000000,0.000000,0.000000,0.000000
0.047413,0.031898,0.023104,0.038643,0.337706,0.501973,0.019263
0.043345,0.028394,0.020003,0.034041,0.335396,0.522262,0.016560
0.046578,0.030075,0.020966,0.034384,0.311956,0.538431,0.017609
0.047817,0.031063,0.021565,0.035174,0.311361,0.534875,0.018146
0.047980,0.031465,0.022172,0.036565,0.321563,0.521616,0.018640
0.046423,0.029842,0.020828,0.034934,0.322250,0.528200,0.017523
0.044190,0.028665,0.019618,0.030800,0.286305,0.574154,0.016268
0.041454,0.027332,0.018952,0.029796,0.289632,0.577334,0.015500
0.043055,0.029380,0.020652,0.032840,0.308276,0.548962,0.016834
0.042203,0.028548,0.020396,0.032854,0.313690,0.545675,0.016634
0.038276,0.025383,0.017728,0.029165,0.313943,0.561192,0.014313
0.041831,0.027923,0.019396,0.030591,0.297300,0.567134,0.015824
0.048545,0.033089,0.023025,0.035124,0.291419,0.549697,0.019100
0.048730,0.032021,0.021977,0.032706,0.266561,0.579578,0.018427
0.048096,0.031308,0.020971,0.030561,0.251809,0.599679,0.017576
0.044038,0.028465,0.019183,0.028987,0.264481,0.598943,0.015903
0.038860,0.025510,0.017873,0.028762,0.298941,0.575544,0.014511
0.040829,0.026853,0.018853,0.029902,0.293889,0.574260,0.015415
0.044565,0.029249,0.020129,0.030408,0.270215,0.588777,0.016657
0.039533,0.025228,0.016997,0.026859,0.279905,0.597562,0.013916
0.039536,0.025889,0.017593,0.028589,0.305124,0.568971,0.014298
0.045229,0.030269,0.020708,0.032784,0.303382,0.550561,0.017068
0.042016,0.027222,0.018340,0.028840,0.286229,0.582274,0.015078
0.040287,0.026570,0.018006,0.028998,0.304010,0.567496,0.014633
0.035889,0.024903,0.018203,0.031450,0.366833,0.508348,0.014374
0.040683,0.030548,0.022638,0.036917,0.366281,0.485153,0.017780
0.040759,0.030813,0.023149,0.036975,0.357514,0.492666,0.018124
0.045661,0.035426,0.026303,0.040526,0.346707,0.484584,0.020793
0.046191,0.035006,0.025412,0.039874,0.347546,0.485719,0.020252
0.048874,0.037245,0.026952,0.041897,0.344064,0.479329,0.021639
0.046385,0.034952,0.025594,0.040080,0.343916,0.488612,0.020460
0.043480,0.032678,0.023950,0.038557,0.356771,0.485575,0.018990
0.044026,0.032595,0.023251,0.036431,0.335107,0.510106,0.018485
0.047028,0.034884,0.024288,0.036752,0.317069,0.520522,0.019457
0.045745,0.033290,0.023193,0.036027,0.324425,0.518687,0.018634
0.045834,0.033378,0.023806,0.037503,0.332924,0.507387,0.019168
0.041927,0.030324,0.021955,0.035911,0.351171,0.501199,0.017513
0.042157,0.029665,0.021250,0.033983,0.329673,0.526198,0.017075
0.044232,0.032048,0.022871,0.035754,0.328453,0.518298,0.018343
0.044108,0.031373,0.022240,0.034445,0.316240,0.533682,0.017912
0.045874,0.032380,0.022382,0.033384,0.293314,0.554523,0.018144
0.046333,0.031962,0.021701,0.031974,0.279838,0.570448,0.017744
0.046187,0.031165,0.021448,0.032869,0.294625,0.556004,0.017701
0.047774,0.032986,0.023175,0.035676,0.306332,0.534956,0.019102
0.046032,0.031687,0.022324,0.034540,0.307280,0.539829,0.018307
0.046400,0.031739,0.022014,0.033759,0.299644,0.548345,0.018099
0.045829,0.031098,0.021668,0.033453,0.300417,0.549706,0.017830
0.044324,0.029619,0.020297,0.031655,0.298171,0.559244,0.016689
0.046255,0.031098,0.021166,0.032594,0.294304,0.557103,0.017481
0.044758,0.029502,0.019886,0.031184,0.295043,0.563180,0.016447
0.044434,0.029627,0.020181,0.031896,0.303707,0.553544,0.016611
0.046726,0.031552,0.021411,0.033155,0.297951,0.551520,0.017684
0.047830,0.031810,0.021280,0.032581,0.286285,0.562501,0.017713
0.045731,0.030078,0.020333,0.032352,0.301669,0.552949,0.016889
0.048210,0.032098,0.021847,0.033268,0.285450,0.560911,0.018215
0.044871,0.030198,0.020732,0.031966,0.293918,0.561287,0.017027
0.047931,0.032985,0.022638,0.034146,0.290871,0.552777,0.018652
0.048430,0.033354,0.022989,0.034969,0.296077,0.545210,0.018971
0.043387,0.029139,0.020018,0.032172,0.313665,0.545238,0.016382
0.039063,0.025991,0.018072,0.031076,0.344274,0.526902,0.014621
0.041315,0.027880,0.019217,0.032217,0.335930,0.527853,0.015587
0.039575,0.026701,0.018564,0.031650,0.344633,0.523903,0.014973
0.040337,0.027465,0.019219,0.032374,0.342442,0.522654,0.015508
0.040740,0.027595,0.019319,0.032429,0.339300,0.524975,0.015641
0.042302,0.029510,0.021159,0.035493,0.352273,0.502153,0.017110
0.041680,0.029097,0.021296,0.036343,0.363372,0.490998,0.017213
0.043403,0.031179,0.022934,0.037969,0.357257,0.488780,0.018479
0.044080,0.031965,0.023527,0.038571,0.354375,0.488541,0.018940
0.043285,0.030523,0.021947,0.035845,0.340631,0.510034,0.017734
0.042809,0.030579,0.022305,0.036996,0.354212,0.495145,0.017954
0.043025,0.030036,0.021414,0.034719,0.332031,0.521459,0.017317
0.040688,0.028394,0.020219,0.033533,0.342744,0.518205,0.016217
0.040626,0.027585,0.019037,0.031004,0.321653,0.544743,0.015352
0.041583,0.027579,0.018493,0.030123,0.312698,0.554453,0.015071
0.047327,0.030860,0.019101,0.028814,0.262031,0.595936,0.015931
0.043888,0.028031,0.017288,0.027124,0.271892,0.597415,0.014363
0.046758,0.030336,0.018583,0.028433,0.265260,0.595119,0.015510
0.044479,0.028373,0.017461,0.027487,0.273413,0.594242,0.014544
0.037467,0.023284,0.014587,0.024896,0.302894,0.584923,0.011948
0.042761,0.027762,0.017200,0.027815,0.292546,0.577750,0.014165
0.046157,0.030539,0.018776,0.028886,0.275027,0.585077,0.015538
0.043769,0.028483,0.017609,0.027985,0.285124,0.582489,0.014542
0.044574,0.028858,0.017774,0.027661,0.273005,0.593387,0.014741
0.045872,0.029340,0.017697,0.026346,0.246299,0.619624,0.014822
0.045196,0.028470,0.016918,0.024763,0.231606,0.638847,0.014201
0.045486,0.028799,0.016851,0.024279,0.223702,0.646738,0.014143
0.045356,0.028712,0.016772,0.023862,0.218385,0.652849,0.014064
0.045118,0.029123,0.017041,0.023500,0.212551,0.658525,0.014142
0.041605,0.026800,0.015753,0.022498,0.226000,0.654448,0.012897
0.038684,0.024218,0.014273,0.021044,0.229430,0.660661,0.011690
0.041323,0.026813,0.015884,0.022793,0.230963,0.649261,0.012964
0.042573,0.028000,0.016646,0.023909,0.236738,0.638555,0.013579
0.040696,0.025874,0.015259,0.022170,0.228756,0.654722,0.012524
0.040076,0.025732,0.015052,0.021789,0.228831,0.656250,0.012270
0.040087,0.025758,0.015063,0.021787,0.229315,0.655717,0.012272
0.043129,0.028277,0.016813,0.024105,0.235111,0.638813,0.013752
0.041610,0.026940,0.015916,0.023026,0.233173,0.646334,0.013001
0.040860,0.026113,0.015392,0.022401,0.230937,0.651692,0.012605
0.040459,0.025789,0.015081,0.021804,0.226315,0.658208,0.012345
0.037535,0.023999,0.014048,0.021039,0.241070,0.650968,0.011341
0.038929,0.025406,0.014899,0.022012,0.243064,0.643681,0.012009
0.038210,0.024909,0.014744,0.021975,0.247598,0.640713,0.011850
0.037627,0.024469,0.014517,0.021992,0.253783,0.635960,0.011652
0.039082,0.025501,0.015172,0.022573,0.247853,0.637576,0.012242
0.036782,0.023628,0.013945,0.021133,0.249480,0.643824,0.011207
0.036477,0.023556,0.014144,0.021653,0.257220,0.635629,0.011320
0.036120,0.023229,0.013811,0.021215,0.256486,0.638089,0.011050
0.039030,0.025495,0.015323,0.023373,0.261217,0.623214,0.012349
0.037471,0.024270,0.014599,0.022586,0.263835,0.625518,0.011721
0.033811,0.021431,0.012843,0.020679,0.272293,0.628715,0.010229
0.033986,0.021574,0.012933,0.020704,0.270681,0.629815,0.010307
0.030475,0.018968,0.011587,0.019587,0.290010,0.620220,0.009153
0.027828,0.017162,0.010703,0.019205,0.317974,0.598745,0.008384
0.031505,0.020068,0.012459,0.021370,0.310081,0.594683,0.009835
0.033200,0.021318,0.013202,0.021986,0.298176,0.601652,0.010465
0.031845,0.020360,0.012443,0.021041,0.301598,0.602900,0.009813
0.032580,0.020314,0.012175,0.019905,0.272711,0.632594,0.009721
0.033946,0.021266,0.012559,0.019703,0.254199,0.648254,0.010073
0.034754,0.022017,0.012895,0.019870,0.249317,0.650809,0.010337
0.035515,0.022480,0.013237,0.020213,0.246114,0.651794,0.010649
0.034302,0.021610,0.012689,0.019176,0.238862,0.663203,0.010157
0.033395,0.021228,0.012522,0.019228,0.249263,0.654418,0.009946
0.035452,0.022711,0.013462,0.020459,0.248919,0.648228,0.010769
0.037728,0.024118,0.014268,0.021299,0.241193,0.649845,0.011548
0.032277,0.019856,0.011836,0.018691,0.251996,0.655869,0.009475
0.033579,0.021321,0.012947,0.020052,0.256854,0.644947,0.010300
0.036825,0.023050,0.013806,0.019848,0.220323,0.674925,0.011224
0.040742,0.025901,0.015599,0.022128,0.222877,0.659925,0.012828
0.042367,0.026696,0.016082,0.022790,0.219511,0.659190,0.013364
0.039790,0.025028,0.014908,0.021093,0.215908,0.671014,0.012259
0.039150,0.024788,0.014563,0.020346,0.210859,0.678377,0.011916
0.040230,0.025617,0.014898,0.020373,0.202696,0.683963,0.012223
0.037788,0.023860,0.013887,0.019425,0.208650,0.685084,0.011307
0.040843,0.025905,0.014705,0.019853,0.192764,0.693778,0.012152
0.041143,0.026275,0.014619,0.019563,0.188362,0.697960,0.012078
0.042585,0.027184,0.015029,0.019883,0.183271,0.699538,0.012510
0.040661,0.025810,0.014077,0.018429,0.175474,0.713890,0.011660
0.042447,0.027145,0.014893,0.019229,0.174107,0.709786,0.012394
0.038303,0.024433,0.014270,0.019645,0.206656,0.685092,0.011602
0.038939,0.024920,0.014727,0.020389,0.211078,0.677942,0.012004
0.041688,0.026986,0.015785,0.021176,0.201964,0.679441,0.012960
0.038899,0.024734,0.014582,0.020212,0.210289,0.679373,0.011911
0.041052,0.026363,0.015592,0.021208,0.205989,0.676988,0.012808
0.033908,0.020675,0.012508,0.018662,0.226903,0.677220,0.010124
0.032290,0.019402,0.012020,0.018769,0.243052,0.664763,0.009705
0.035740,0.021722,0.013373,0.019979,0.228524,0.669731,0.010930
0.039784,0.024625,0.014918,0.021383,0.216605,0.670363,0.012321
0.037553,0.022516,0.013408,0.019402,0.207440,0.688569,0.011112
0.040260,0.024815,0.014807,0.021113,0.212390,0.674334,0.012282
0.039151,0.023718,0.014296,0.020781,0.215411,0.674764,0.011880
0.040093,0.024597,0.014923,0.021546,0.217248,0.669202,0.012390
0.040655,0.025183,0.015199,0.021830,0.218198,0.666325,0.012610
0.038928,0.023481,0.014096,0.020432,0.211953,0.679363,0.011747
0.037235,0.022221,0.013399,0.019981,0.219603,0.676433,0.011126
0.036575,0.021515,0.012656,0.018684,0.206687,0.693329,0.010555
0.037446,0.022089,0.012873,0.018869,0.203566,0.694376,0.010780
0.038584,0.022952,0.013333,0.019266,0.200333,0.694347,0.011185
0.038917,0.023125,0.013457,0.019546,0.202795,0.690847,0.011313
0.036326,0.021088,0.012523,0.019556,0.225969,0.674020,0.010519
0.038028,0.022193,0.013127,0.020017,0.217209,0.678320,0.011105
0.038846,0.022775,0.013418,0.020377,0.216497,0.676701,0.011386
0.040195,0.024015,0.014148,0.021233,0.218259,0.670177,0.011974
0.041678,0.025201,0.014853,0.022017,0.217764,0.665909,0.012578
0.041496,0.024901,0.014683,0.021842,0.216987,0.667630,0.012461
0.040505,0.024060,0.014111,0.020882,0.210257,0.678197,0.011988
0.042184,0.025412,0.014950,0.021937,0.212140,0.670665,0.012711
0.039821,0.023363,0.013846,0.020994,0.217745,0.672446,0.011784
0.041652,0.024640,0.014960,0.022590,0.223405,0.659979,0.012774
0.040685,0.024056,0.014546,0.021890,0.220721,0.665742,0.012361
0.039339,0.022950,0.013686,0.020947,0.220104,0.671323,0.011650
0.036959,0.021093,0.012709,0.020265,0.230971,0.667210,0.010792
0.039417,0.022919,0.013772,0.021299,0.224478,0.666380,0.011734
0.037194,0.021271,0.012749,0.020309,0.230486,0.667153,0.010837
0.033675,0.018907,0.011562,0.019789,0.257371,0.648954,0.009741
0.035274,0.020000,0.012180,0.020526,0.254011,0.647708,0.010302
0.037022,0.021363,0.012881,0.021361,0.251011,0.645441,0.010922
0.034364,0.019366,0.011621,0.020052,0.257967,0.646791,0.009839
0.037869,0.021705,0.013050,0.021763,0.249659,0.644779,0.011175
0.039353,0.022871,0.013667,0.022182,0.241868,0.648334,0.011725
0.036548,0.020878,0.012572,0.021146,0.253417,0.644722,0.010717
0.034918,0.019800,0.012045,0.020852,0.264905,0.637255,0.010224
0.034490,0.019617,0.012052,0.021281,0.277799,0.624574,0.010186
0.035999,0.020480,0.012535,0.021483,0.263415,0.635417,0.010672
0.032220,0.017970,0.011019,0.019567,0.271116,0.638833,0.009274
0.031921,0.017674,0.010708,0.019121,0.267667,0.643871,0.009039
0.030853,0.016827,0.010230,0.018658,0.271889,0.642903,0.008641
0.030797,0.016676,0.010063,0.018258,0.264798,0.650882,0.008525
0.032942,0.018035,0.010688,0.018757,0.249727,0.660711,0.009139
0.032478,0.017580,0.010410,0.018422,0.249120,0.663061,0.008928
0.033370,0.018176,0.010757,0.018895,0.247594,0.661949,0.009259
0.031253,0.016768,0.009897,0.017670,0.249583,0.666362,0.008468
0.033045,0.018171,0.010690,0.018439,0.242473,0.668045,0.009137
0.030574,0.016688,0.009796,0.017118,0.245741,0.671819,0.008262
0.029027,0.015776,0.009292,0.016435,0.250278,0.671424,0.007768
0.029724,0.016420,0.009708,0.016706,0.245567,0.673799,0.008077
0.028231,0.015427,0.009097,0.016031,0.250221,0.673449,0.007544
0.028587,0.015741,0.009161,0.015824,0.243060,0.680044,0.007582
0.031520,0.017621,0.010211,0.017116,0.234975,0.680004,0.008553
0.031004,0.017158,0.009926,0.016636,0.231138,0.685811,0.008327
0.033194,0.018779,0.010681,0.017195,0.218313,0.692834,0.009004
0.034014,0.019387,0.010951,0.017594,0.219101,0.689705,0.009248
0.034848,0.019820,0.011116,0.017920,0.216132,0.690683,0.009481
0.033375,0.018844,0.010903,0.018070,0.233844,0.675769,0.009196
0.035586,0.020381,0.011875,0.019571,0.239311,0.663210,0.010066
0.036527,0.020653,0.012263,0.020365,0.243508,0.656207,0.010476
0.037270,0.021172,0.012742,0.021304,0.250118,0.646494,0.010901
0.038753,0.021934,0.013115,0.021461,0.238756,0.654658,0.011322
0.038092,0.021334,0.012761,0.020973,0.236460,0.659354,0.011024
0.034475,0.018949,0.011328,0.019054,0.240669,0.665856,0.009668
0.033212,0.018339,0.011344,0.019682,0.261630,0.646212,0.009581
0.037103,0.021072,0.012916,0.021339,0.248481,0.648080,0.011009
0.035476,0.020027,0.012078,0.020102,0.246375,0.655688,0.010253
0.033460,0.018841,0.011461,0.019783,0.262690,0.644117,0.009648
0.036810,0.021172,0.012974,0.021891,0.263895,0.632260,0.010996
0.037125,0.021418,0.013279,0.022736,0.273160,0.621028,0.011254
0.035364,0.020166,0.012676,0.022457,0.287479,0.611155,0.010702
0.036389,0.020736,0.012958,0.022453,0.275303,0.621157,0.011004
0.034101,0.019201,0.011960,0.020967,0.275310,0.628376,0.010084
0.032594,0.018193,0.011399,0.020562,0.285473,0.622197,0.009582
0.033112,0.018535,0.011584,0.020880,0.285759,0.620373,0.009755
0.034017,0.019110,0.011759,0.020610,0.270849,0.633717,0.009939
0.033907,0.019047,0.011588,0.020171,0.265324,0.640156,0.009807
0.037576,0.021510,0.012919,0.021420,0.247994,0.647519,0.011062
0.037555,0.021519,0.012938,0.021552,0.251035,0.644329,0.011072
0.038257,0.022215,0.013396,0.021924,0.249024,0.643762,0.011423
0.037989,0.022072,0.013306,0.021833,0.250601,0.642873,0.011325
0.037419,0.021394,0.012869,0.021307,0.247324,0.648673,0.011013
0.037964,0.021759,0.013181,0.021557,0.244634,0.649618,0.011288
0.040453,0.023542,0.014087,0.021613,0.221605,0.666582,0.012118
0.036659,0.020814,0.012396,0.019795,0.227633,0.672103,0.010599
0.034482,0.019213,0.011500,0.018949,0.235197,0.670860,0.009800
0.035964,0.020401,0.012388,0.020297,0.242059,0.658347,0.010543
0.032424,0.018150,0.011272,0.019549,0.265367,0.643767,0.009472
0.032927,0.018643,0.011652,0.020038,0.266560,0.640405,0.009774
0.031096,0.017459,0.010989,0.019320,0.274610,0.637371,0.009156
0.031159,0.017567,0.011222,0.019833,0.281433,0.629450,0.009336
0.030022,0.016908,0.010835,0.019306,0.284774,0.629197,0.008958
0.030117,0.016788,0.010695,0.019078,0.279447,0.634979,0.008896
0.032945,0.018709,0.011748,0.020087,0.265386,0.641277,0.009848
0.032962,0.018580,0.011660,0.019873,0.261245,0.645872,0.009808
0.032918,0.018540,0.011551,0.019640,0.258315,0.649312,0.009723
0.031978,0.017843,0.011101,0.018890,0.255166,0.655694,0.009327
0.032681,0.018057,0.011263,0.018546,0.237826,0.672086,0.009541
0.033249,0.018453,0.011495,0.018781,0.236417,0.671860,0.009746
0.032823,0.018211,0.011421,0.018902,0.242525,0.666454,0.009664
0.034445,0.019352,0.011947,0.019001,0.227460,0.677644,0.010151
0.032314,0.018022,0.011098,0.018058,0.234121,0.677035,0.009353
0.031072,0.017244,0.010722,0.017854,0.243052,0.671062,0.008994
0.032010,0.018060,0.011399,0.018967,0.251075,0.658949,0.009540
0.031726,0.017898,0.011299,0.018940,0.254575,0.656117,0.009444
0.031833,0.017958,0.011408,0.019264,0.258671,0.651327,0.009539
0.032355,0.018341,0.011716,0.019668,0.259026,0.649096,0.009799
0.030977,0.017448,0.011112,0.018874,0.261103,0.651232,0.009254
0.032500,0.018513,0.011684,0.019309,0.251618,0.656605,0.009770
0.031519,0.017937,0.011392,0.019068,0.257733,0.652880,0.009471
0.032370,0.018661,0.011876,0.019633,0.257790,0.649808,0.009861
0.029633,0.016775,0.010915,0.018889,0.274480,0.640320,0.008988
0.029143,0.016527,0.010854,0.018978,0.280749,0.634835,0.008914
0.030531,0.017419,0.011347,0.019210,0.267514,0.644616,0.009364
0.030580,0.017331,0.011205,0.018932,0.262688,0.649985,0.009279
0.028308,0.015719,0.009910,0.016827,0.251395,0.669671,0.008171
0.027857,0.015488,0.009829,0.016869,0.257595,0.664289,0.008073
0.032064,0.018287,0.011474,0.018678,0.243888,0.666045,0.009563
0.034090,0.019176,0.011985,0.019515,0.237834,0.667215,0.010184
0.031021,0.017465,0.011318,0.019166,0.261528,0.650070,0.009433
0.031166,0.017555,0.011416,0.019269,0.261245,0.649835,0.009515
0.031606,0.017671,0.011724,0.020038,0.267176,0.641956,0.009829
0.034891,0.019879,0.013011,0.021246,0.252062,0.647885,0.011026
0.034883,0.019678,0.012788,0.021105,0.251953,0.648692,0.010900
0.038974,0.022205,0.014332,0.022615,0.236888,0.652578,0.012407
0.040429,0.023349,0.015074,0.023566,0.236961,0.647559,0.013062
0.034980,0.019614,0.012668,0.021046,0.251907,0.648944,0.010841
0.039300,0.022973,0.014973,0.023968,0.253704,0.632232,0.012850
0.038023,0.021935,0.014494,0.023692,0.259561,0.629854,0.012441
0.045301,0.027488,0.018094,0.027156,0.241058,0.625223,0.015679
0.046151,0.028152,0.018370,0.027002,0.233420,0.630996,0.015908
0.041946,0.025158,0.016377,0.025048,0.245887,0.631587,0.013997
0.039913,0.024124,0.016117,0.025743,0.271257,0.609255,0.013590
0.042156,0.025166,0.016533,0.025280,0.243851,0.632828,0.014185
0.042851,0.025354,0.016739,0.025714,0.243245,0.631607,0.014490
0.043842,0.024960,0.015515,0.023179,0.206966,0.671747,0.013790
0.049100,0.028619,0.017439,0.024812,0.193602,0.670737,0.015691
0.056104,0.034029,0.020654,0.028422,0.191946,0.650107,0.018738
0.054852,0.033069,0.020042,0.027825,0.193651,0.652419,0.018143
0.057763,0.035458,0.021389,0.028742,0.186858,0.650393,0.019398
0.056692,0.034324,0.020880,0.028615,0.191505,0.649035,0.018948
0.053911,0.032631,0.020218,0.028377,0.206587,0.640218,0.018057
0.048994,0.028997,0.018493,0.026900,0.216629,0.643642,0.016345
0.050786,0.031068,0.019561,0.027898,0.218413,0.635107,0.017166
0.049267,0.029180,0.018719,0.027193,0.217645,0.641448,0.016548
0.044701,0.026073,0.016745,0.025426,0.231801,0.640607,0.014648
0.047445,0.028364,0.018302,0.027215,0.230120,0.632504,0.016051
0.048602,0.029412,0.018808,0.027545,0.227439,0.631728,0.016466
0.048775,0.029338,0.018805,0.027826,0.230382,0.628359,0.016515
0.048374,0.028946,0.018667,0.028222,0.236493,0.622844,0.016453
0.055005,0.033999,0.021697,0.030973,0.221306,0.617670,0.019351
0.055762,0.034464,0.022137,0.031826,0.226461,0.609591,0.019757
0.057086,0.035664,0.023105,0.033366,0.233330,0.596857,0.020591
0.058439,0.036753,0.023878,0.033855,0.228164,0.597615,0.021296
0.058232,0.036727,0.023582,0.033145,0.224306,0.603000,0.021007
0.059827,0.037157,0.023463,0.032499,0.208778,0.617040,0.021236
0.061412,0.038290,0.024068,0.033113,0.205805,0.615420,0.021892
0.064650,0.040657,0.025325,0.034046,0.197725,0.614376,0.023219
0.060527,0.036990,0.023127,0.032148,0.201951,0.624045,0.021212
0.064436,0.040270,0.025116,0.033524,0.192405,0.621139,0.023109
0.063267,0.039314,0.024294,0.032668,0.191874,0.626218,0.022365
0.062305,0.038524,0.023793,0.031929,0.190400,0.631176,0.021874
0.063774,0.040037,0.024574,0.032424,0.187534,0.629088,0.022569
0.064816,0.040944,0.025158,0.032993,0.188062,0.624948,0.023080
0.064029,0.040228,0.024582,0.032474,0.187582,0.628542,0.022563
0.064546,0.041437,0.025436,0.034118,0.201101,0.610264,0.023098
0.059784,0.037718,0.023170,0.031301,0.200683,0.626527,0.020817
0.064159,0.041485,0.025295,0.033063,0.192924,0.620224,0.022850
0.065947,0.042702,0.026274,0.034583,0.198811,0.607884,0.023800
0.065586,0.042611,0.026602,0.035185,0.204873,0.601198,0.023945
0.061892,0.039393,0.024846,0.034031,0.214593,0.602965,0.022280
0.066249,0.043050,0.027292,0.036187,0.208544,0.594109,0.024569
0.064747,0.041848,0.026361,0.035368,0.210083,0.597881,0.023712
0.060547,0.038187,0.023832,0.032780,0.209417,0.613787,0.021450
0.066355,0.043315,0.026648,0.034781,0.196381,0.608406,0.024114
0.067349,0.043786,0.027000,0.035022,0.192968,0.609317,0.024558
0.064618,0.041930,0.025828,0.033958,0.197533,0.612822,0.023311
0.060974,0.038983,0.023756,0.031663,0.196261,0.626991,0.021373
0.059710,0.037967,0.023014,0.031054,0.198265,0.629304,0.020685
0.062137,0.040283,0.024273,0.031795,0.192149,0.627565,0.021798
0.065776,0.043218,0.026065,0.033255,0.187781,0.620420,0.023485
0.064987,0.042124,0.025356,0.033076,0.190060,0.621425,0.022972
0.061206,0.039664,0.025323,0.034170,0.213624,0.603499,0.022515
0.062757,0.041244,0.025803,0.033794,0.204800,0.608691,0.022910
0.061625,0.039262,0.024390,0.032220,0.196683,0.623893,0.021926
0.062202,0.039689,0.024369,0.031723,0.189746,0.630274,0.021997
0.064632,0.041925,0.025915,0.033028,0.187459,0.623653,0.023388
0.067051,0.044323,0.027135,0.033405,0.178997,0.624600,0.024489
0.068138,0.044981,0.027348,0.033281,0.173803,0.627665,0.024784
0.068228,0.045097,0.027393,0.033142,0.172413,0.628925,0.024803
0.070006,0.046187,0.028034,0.033333,0.165584,0.631319,0.025537
0.069477,0.045999,0.027523,0.032349,0.159955,0.639618,0.025080
0.071183,0.047845,0.028607,0.033480,0.162178,0.630697,0.026010
0.066455,0.043378,0.026117,0.032067,0.171037,0.637229,0.023716
0.068709,0.045139,0.027167,0.032970,0.167958,0.633261,0.024796
0.066561,0.043325,0.026492,0.033140,0.179062,0.627362,0.024059
0.070672,0.046341,0.028069,0.034344,0.170132,0.624618,0.025823
0.070807,0.046057,0.028002,0.034909,0.174319,0.620028,0.025877
0.077506,0.051819,0.031734,0.038491,0.172748,0.598236,0.029466
0.071407,0.046422,0.029021,0.037082,0.188103,0.601254,0.026712
0.071849,0.047031,0.029294,0.037245,0.187979,0.599696,0.026905
0.069562,0.044890,0.028039,0.036287,0.191181,0.604317,0.025724
0.071133,0.045915,0.028370,0.035977,0.181981,0.610430,0.026194
0.071357,0.045757,0.028243,0.035767,0.178825,0.613861,0.026191
0.072159,0.046657,0.028736,0.036319,0.180235,0.609298,0.026597
0.066957,0.042103,0.025932,0.034032,0.187465,0.619623,0.023890
0.066631,0.042020,0.026267,0.034569,0.192320,0.614097,0.024096
0.066810,0.042458,0.026847,0.035571,0.199340,0.604482,0.024492
0.064775,0.040485,0.025616,0.034551,0.201231,0.609959,0.023384
0.064195,0.039936,0.025314,0.033940,0.199655,0.613874,0.023086
0.062573,0.038923,0.025083,0.034463,0.210029,0.606153,0.022777
0.065146,0.041156,0.026420,0.035634,0.207435,0.600189,0.024019
0.063135,0.039861,0.025912,0.035513,0.215547,0.596641,0.023390
0.062494,0.038949,0.025022,0.033967,0.205117,0.611737,0.022714
0.060509,0.037771,0.024482,0.033546,0.211095,0.610547,0.022051
0.059469,0.036780,0.023763,0.032472,0.205641,0.620422,0.021452
0.061052,0.038139,0.024638,0.033328,0.205511,0.615090,0.022241
0.060033,0.037245,0.024097,0.032359,0.201073,0.623475,0.021719
0.056707,0.035084,0.022515,0.030552,0.203564,0.631483,0.020095
0.058973,0.036666,0.023343,0.031242,0.197670,0.631134,0.020973
0.057052,0.035009,0.021905,0.029127,0.188644,0.648574,0.019690
0.056058,0.034148,0.021351,0.028443,0.187674,0.653153,0.019174
0.056494,0.034120,0.021276,0.028083,0.181328,0.659474,0.019224
0.056769,0.034268,0.021290,0.027935,0.178553,0.661919,0.019265
0.058165,0.035206,0.021899,0.028690,0.178481,0.657647,0.019912
0.058626,0.034975,0.021601,0.027884,0.167638,0.669434,0.019843
0.057885,0.034699,0.021212,0.027573,0.169826,0.669394,0.019411
0.059178,0.035340,0.021521,0.027992,0.167833,0.668307,0.019830
0.056410,0.032610,0.019703,0.026128,0.164829,0.682078,0.018242
0.055394,0.031178,0.018591,0.024209,0.149391,0.703802,0.017435
0.057495,0.032869,0.019463,0.025339,0.151174,0.695371,0.018289
0.059248,0.033930,0.019935,0.025410,0.143792,0.698819,0.018866
0.060028,0.034369,0.020058,0.025460,0.140887,0.700115,0.019083
0.060512,0.034534,0.020168,0.025519,0.139905,0.700120,0.019241
0.064255,0.037590,0.021803,0.026642,0.133789,0.695033,0.020887
0.063341,0.037227,0.021581,0.026421,0.135937,0.694956,0.020537
0.060833,0.035278,0.020289,0.025157,0.133932,0.705163,0.019346
0.066116,0.039574,0.022664,0.026871,0.127731,0.695347,0.021697
0.068606,0.042038,0.023781,0.027598,0.124703,0.690488,0.022786
0.067679,0.040960,0.023314,0.027594,0.127862,0.690183,0.022409
0.070504,0.043453,0.024615,0.028528,0.124657,0.684513,0.023729
0.070084,0.043040,0.024296,0.027673,0.119448,0.692020,0.023438
0.066814,0.040887,0.022954,0.027034,0.126321,0.693990,0.021999
0.072419,0.045262,0.025446,0.029731,0.126755,0.675745,0.024642
0.071827,0.044192,0.024935,0.029812,0.129806,0.675150,0.024278
0.073007,0.044870,0.025300,0.030113,0.126716,0.675203,0.024791
0.070002,0.041881,0.024268,0.029375,0.133120,0.677787,0.023567
0.067246,0.039942,0.022959,0.028329,0.135219,0.684058,0.022247
0.069494,0.041524,0.023844,0.029026,0.131948,0.680937,0.023228
0.064937,0.037628,0.021690,0.027596,0.137956,0.689070,0.021123
0.065300,0.037751,0.021931,0.028137,0.140856,0.684637,0.021389
0.062841,0.035752,0.020904,0.027866,0.148481,0.683763,0.020392
0.067472,0.039602,0.023156,0.030020,0.146886,0.670258,0.022607
0.066119,0.038788,0.022610,0.029690,0.150638,0.670155,0.022001
0.070181,0.042431,0.024469,0.031231,0.145495,0.662288,0.023904
0.071870,0.044246,0.025109,0.031326,0.140660,0.662258,0.024530
0.071659,0.044025,0.024980,0.031458,0.142402,0.661036,0.024440
0.069702,0.042220,0.023981,0.030532,0.142452,0.667648,0.023464
0.067614,0.041188,0.023090,0.028791,0.135410,0.681435,0.022471
0.066302,0.040723,0.022643,0.027747,0.131926,0.688792,0.021867
0.065393,0.040045,0.022364,0.027701,0.135287,0.687684,0.021526
0.066378,0.040890,0.022708,0.028122,0.135425,0.684568,0.021909
0.065333,0.039799,0.022181,0.027624,0.134898,0.688745,0.021421
0.064459,0.038910,0.021843,0.027361,0.136463,0.689916,0.021049
0.058636,0.033955,0.019370,0.026010,0.150481,0.692934,0.018614
0.065988,0.040082,0.022846,0.028920,0.144107,0.676056,0.022003
0.065125,0.039440,0.022571,0.028975,0.149027,0.673204,0.021658
0.064568,0.038772,0.022400,0.029251,0.153690,0.669817,0.021502
0.062638,0.037279,0.021350,0.028083,0.151072,0.679041,0.020538
0.065865,0.039525,0.022371,0.028130,0.137421,0.684959,0.021730
0.064154,0.037840,0.021463,0.027506,0.138935,0.689193,0.020908
0.066289,0.038955,0.022153,0.028061,0.135813,0.687005,0.021723
0.060846,0.034652,0.019686,0.025967,0.138745,0.700815,0.019289
0.062560,0.035592,0.020341,0.026695,0.138788,0.696024,0.020000
0.061160,0.034188,0.019849,0.026506,0.142606,0.696209,0.019482
0.059806,0.032905,0.019276,0.025995,0.144058,0.699038,0.018922
0.062091,0.034879,0.020192,0.026489,0.137848,0.698603,0.019897
0.060071,0.033820,0.019370,0.025296,0.135510,0.706955,0.018978
0.058295,0.032726,0.018748,0.024823,0.138865,0.708268,0.018275
0.057299,0.032006,0.018357,0.024400,0.139277,0.710804,0.017857
0.057494,0.032210,0.018424,0.024369,0.138777,0.710822,0.017904
0.058063,0.032629,0.018661,0.024477,0.136480,0.711540,0.018150
0.056413,0.031822,0.017880,0.022967,0.129743,0.723884,0.017290
0.056516,0.031985,0.018037,0.023052,0.129688,0.723323,0.017398
0.055051,0.030711,0.017342,0.022036,0.125951,0.732165,0.016744
0.057412,0.032646,0.018435,0.023393,0.128695,0.721587,0.017831
0.058367,0.033091,0.018707,0.023710,0.128183,0.719776,0.018166
0.058593,0.033062,0.018774,0.023910,0.128964,0.718427,0.018269
0.059734,0.033677,0.019139,0.024198,0.126629,0.717903,0.018721
0.057324,0.031613,0.018009,0.023075,0.126067,0.726283,0.017629
0.057515,0.031670,0.018031,0.022584,0.119528,0.732985,0.017687
0.053637,0.029733,0.016956,0.022524,0.136624,0.724213,0.016313
0.053075,0.029717,0.016910,0.022730,0.142072,0.719337,0.016158
0.052024,0.028952,0.016500,0.022245,0.142071,0.722485,0.015723
0.052602,0.029600,0.016728,0.022108,0.137765,0.725280,0.015918
0.050966,0.028524,0.016039,0.021702,0.141723,0.725804,0.015242
0.052685,0.029753,0.016756,0.022544,0.142092,0.720209,0.015961
0.052045,0.029400,0.016490,0.022294,0.142816,0.721271,0.015684
0.049219,0.027501,0.015356,0.020844,0.140640,0.731914,0.014526
0.045173,0.024729,0.013966,0.020097,0.154787,0.728169,0.013080
0.043128,0.023228,0.013448,0.020328,0.170678,0.716667,0.012522
0.040386,0.021530,0.012392,0.019460,0.178180,0.716570,0.011483
0.038371,0.020183,0.011570,0.018763,0.184565,0.715857,0.010691
0.036714,0.018802,0.010873,0.018168,0.188431,0.716932,0.010080
0.036102,0.018442,0.010667,0.017910,0.189718,0.717294,0.009866
0.032807,0.016543,0.009458,0.016323,0.191639,0.724563,0.008667
0.029870,0.014788,0.008417,0.015221,0.201554,0.722499,0.007651
0.030766,0.015282,0.008678,0.015335,0.192757,0.729258,0.007924
0.029643,0.014613,0.008227,0.014699,0.191762,0.733549,0.007507
0.034028,0.018194,0.009815,0.016578,0.184692,0.727709,0.008984
0.035981,0.019785,0.010576,0.017350,0.181211,0.725420,0.009677
0.034371,0.018986,0.010068,0.016753,0.186202,0.724491,0.009129
0.032795,0.018449,0.009654,0.016583,0.197887,0.715962,0.008670
0.032469,0.018975,0.009597,0.016299,0.197406,0.716715,0.008538
0.034229,0.020246,0.010240,0.016959,0.192657,0.716537,0.009133
0.031855,0.018318,0.009286,0.015867,0.194792,0.721605,0.008276
0.034073,0.020197,0.010180,0.016803,0.191696,0.717987,0.009065
0.035654,0.021659,0.010882,0.017706,0.192267,0.712144,0.009688
0.032761,0.019825,0.009822,0.016315,0.195033,0.717591,0.008652
0.031351,0.018611,0.009301,0.016005,0.204592,0.711953,0.008186
0.032637,0.019565,0.009792,0.016626,0.203721,0.709018,0.008641
0.033148,0.019783,0.009928,0.016842,0.203156,0.708342,0.008802
0.034616,0.020993,0.010473,0.017155,0.194773,0.712698,0.009293
0.033757,0.020564,0.010186,0.016752,0.195533,0.714215,0.008993
0.034044,0.019959,0.010251,0.017551,0.209692,0.699354,0.009148
0.036378,0.021467,0.011112,0.018457,0.202122,0.700478,0.009987
0.035906,0.021089,0.010930,0.018116,0.199382,0.704765,0.009813
0.034600,0.020078,0.010449,0.017652,0.202900,0.704962,0.009359
0.035625,0.020747,0.010857,0.018091,0.200057,0.704877,0.009745
0.035749,0.020961,0.010951,0.018042,0.197552,0.706941,0.009805
0.031728,0.018147,0.009466,0.016558,0.210557,0.705141,0.008403
0.032351,0.018602,0.009625,0.016398,0.200764,0.713697,0.008563
0.034897,0.020361,0.010508,0.017262,0.193058,0.714499,0.009414
0.038027,0.022351,0.011675,0.018633,0.188730,0.710028,0.010555
0.037873,0.022131,0.011626,0.018707,0.190216,0.708920,0.010527
0.037106,0.021755,0.011363,0.018269,0.189635,0.711624,0.010247
0.037237,0.021980,0.011448,0.018278,0.189898,0.710857,0.010303
0.042065,0.025672,0.013327,0.020127,0.181521,0.705207,0.012081
0.043856,0.026474,0.014039,0.021243,0.182899,0.698644,0.012845
0.044358,0.027591,0.014360,0.021330,0.181681,0.697641,0.013041
0.045036,0.028237,0.014606,0.021461,0.179968,0.697431,0.013261
0.046436,0.028876,0.015040,0.021684,0.172564,0.701638,0.013762
0.047309,0.030040,0.015546,0.021938,0.169073,0.701928,0.014167
0.049046,0.033520,0.016642,0.022588,0.168788,0.694519,0.014898
0.051837,0.035284,0.017680,0.023601,0.164158,0.691457,0.015983
0.051058,0.034062,0.017351,0.023842,0.170893,0.687055,0.015739
0.053211,0.035668,0.018311,0.024904,0.169826,0.681397,0.016683
0.051865,0.033633,0.017523,0.024225,0.168403,0.688277,0.016074
0.050136,0.030847,0.016436,0.023064,0.165020,0.699279,0.015219
0.053101,0.033000,0.017814,0.024489,0.162883,0.692147,0.016566
0.049453,0.031891,0.016933,0.024872,0.191071,0.670438,0.015342
0.046829,0.030384,0.015950,0.024076,0.199776,0.668665,0.014320
0.051241,0.034321,0.018047,0.026626,0.201109,0.652402,0.016253
0.047489,0.031067,0.016321,0.024937,0.206381,0.659142,0.014662
0.045087,0.028992,0.015296,0.024220,0.216072,0.656623,0.013709
0.046731,0.030884,0.016129,0.025098,0.215394,0.651346,0.014419
0.046289,0.030623,0.015974,0.024946,0.216967,0.650956,0.014245
0.043604,0.028464,0.014806,0.023836,0.223194,0.652938,0.013157
0.044314,0.029214,0.015138,0.024090,0.220964,0.652846,0.013435
0.045709,0.030323,0.015717,0.024768,0.219312,0.650180,0.013990
0.046579,0.031336,0.016163,0.025090,0.216284,0.650189,0.014359
0.046978,0.031706,0.016233,0.024844,0.210207,0.655593,0.014438
0.046592,0.031176,0.015964,0.024278,0.204718,0.663050,0.014222
0.047859,0.032400,0.016478,0.024154,0.192969,0.671462,0.014678
0.045914,0.031063,0.015705,0.023356,0.196190,0.673865,0.013907
0.047241,0.032135,0.016266,0.023985,0.195086,0.670847,0.014441
0.046847,0.031614,0.016058,0.023879,0.196069,0.671253,0.014279
0.048364,0.032885,0.016674,0.024341,0.191485,0.671383,0.014870
0.047332,0.032276,0.016252,0.023773,0.191915,0.674011,0.014440
0.048076,0.032900,0.016489,0.024202,0.193282,0.670346,0.014705
0.046523,0.031937,0.015878,0.023735,0.199751,0.668087,0.014088
0.047797,0.033098,0.016482,0.024787,0.204918,0.658263,0.014654
0.047663,0.032956,0.016362,0.024374,0.200669,0.663433,0.014543
0.044281,0.029012,0.014757,0.022982,0.206142,0.669643,0.013184
0.046630,0.032090,0.015968,0.024169,0.206793,0.660188,0.014161
0.046895,0.032516,0.016064,0.024114,0.204674,0.661511,0.014226
0.044827,0.030967,0.015232,0.023252,0.208584,0.663724,0.013414
0.040641,0.027396,0.013439,0.021367,0.215095,0.670304,0.011758
0.040903,0.027609,0.013497,0.021192,0.210658,0.674333,0.011809
0.039976,0.027038,0.013140,0.020797,0.213952,0.673644,0.011452
0.040182,0.027297,0.013260,0.021087,0.217900,0.668731,0.011543
0.043460,0.030331,0.014673,0.022452,0.210894,0.665385,0.012806
0.042312,0.029094,0.014088,0.021608,0.206187,0.674398,0.012313
0.042656,0.028548,0.014041,0.021592,0.202004,0.678760,0.012399
0.044211,0.029632,0.014750,0.022659,0.205155,0.670514,0.013078
0.042625,0.027976,0.014027,0.022182,0.210781,0.669950,0.012459
0.040001,0.025856,0.012937,0.020957,0.215112,0.673700,0.011436
0.040586,0.026726,0.013120,0.020736,0.205386,0.681867,0.011578
0.039514,0.026246,0.012697,0.020124,0.205926,0.684344,0.011148
0.043739,0.029589,0.014292,0.021418,0.192362,0.685938,0.012661
0.048835,0.033905,0.016412,0.023375,0.182694,0.680111,0.014668
0.047927,0.033595,0.016162,0.023007,0.183522,0.681428,0.014359
0.045740,0.031788,0.015267,0.022209,0.188205,0.683294,0.013497
0.046374,0.032325,0.015536,0.022443,0.187054,0.682526,0.013742
0.047294,0.032899,0.015870,0.022864,0.186930,0.680051,0.014092
0.049023,0.033610,0.016516,0.024117,0.190744,0.671167,0.014822
0.048609,0.033215,0.016338,0.023964,0.191395,0.671818,0.014661
0.048165,0.032751,0.016146,0.023902,0.193800,0.670741,0.014495
0.046690,0.031128,0.015439,0.023245,0.194806,0.674806,0.013885
0.044548,0.029389,0.014542,0.022187,0.196285,0.680021,0.013028
0.042977,0.028395,0.013984,0.021653,0.201346,0.679194,0.012450
0.045268,0.030261,0.014873,0.022576,0.197064,0.676652,0.013307
0.045325,0.029935,0.014875,0.022946,0.199928,0.673619,0.013372
0.048328,0.032265,0.016083,0.024065,0.191454,0.673245,0.014561
0.047693,0.031872,0.015871,0.024164,0.198226,0.667833,0.014341
0.048396,0.032076,0.016030,0.024088,0.192330,0.672530,0.014551
0.051093,0.034313,0.017209,0.025361,0.189784,0.666553,0.015686
0.048493,0.032488,0.016125,0.024134,0.191961,0.672199,0.014599
0.051530,0.034864,0.017359,0.025126,0.183311,0.672002,0.015808
0.050355,0.034064,0.016876,0.024343,0.180178,0.678867,0.015316
0.050174,0.033927,0.016794,0.024009,0.176623,0.683238,0.015235
0.051126,0.034080,0.017060,0.024591,0.177995,0.679550,0.015599
0.052568,0.035615,0.017785,0.025508,0.180120,0.672150,0.016254
0.053701,0.037464,0.018403,0.025747,0.176602,0.671360,0.016721
0.053622,0.037250,0.018248,0.025302,0.172179,0.676785,0.016614
0.052354,0.036169,0.017650,0.024518,0.171592,0.681688,0.016030
0.055459,0.039076,0.019043,0.025777,0.167807,0.675496,0.017341
0.051824,0.035834,0.017488,0.024844,0.177869,0.676266,0.015876
0.053969,0.037636,0.018383,0.025774,0.176179,0.671315,0.016745
0.049982,0.034339,0.016674,0.024202,0.182923,0.676795,0.015086
0.053764,0.038235,0.018113,0.024127,0.161734,0.687634,0.016392
0.052111,0.037066,0.017395,0.023136,0.160168,0.694460,0.015665
0.049555,0.035189,0.016434,0.022302,0.165977,0.695866,0.014677
0.048979,0.035054,0.016255,0.021985,0.167061,0.696236,0.014431
0.049093,0.035458,0.016379,0.022265,0.171449,0.690864,0.014491
0.050394,0.037410,0.017016,0.022877,0.174238,0.683092,0.014973
0.050200,0.037018,0.016809,0.022122,0.164589,0.694448,0.014814
0.051331,0.037690,0.017263,0.022871,0.167483,0.688074,0.015289
0.053942,0.039894,0.018331,0.023994,0.165491,0.682006,0.016342
0.055140,0.040726,0.018787,0.024488,0.164633,0.679410,0.016815
0.052364,0.038170,0.017569,0.023274,0.166196,0.686764,0.015663
0.053558,0.039636,0.018207,0.023503,0.160546,0.688342,0.016207
0.056281,0.042545,0.019491,0.024843,0.162218,0.677269,0.017353
0.055534,0.041933,0.019142,0.024650,0.163948,0.677758,0.017034
0.048193,0.037856,0.016443,0.022291,0.187096,0.674019,0.014102
0.050158,0.040124,0.017362,0.023086,0.184336,0.670057,0.014878
0.047348,0.037721,0.016240,0.021782,0.186464,0.676659,0.013786
0.047670,0.038245,0.016462,0.022159,0.190488,0.671028,0.013948
0.047716,0.037849,0.016402,0.022287,0.191357,0.670430,0.013961
0.049734,0.039577,0.017256,0.023095,0.187851,0.667718,0.014768
0.051050,0.039991,0.017668,0.023685,0.184017,0.668309,0.015280
0.049579,0.038505,0.016940,0.022785,0.181390,0.676160,0.014641
0.049058,0.038056,0.016683,0.022472,0.180079,0.679230,0.014421
0.047506,0.036837,0.016042,0.021747,0.179363,0.684688,0.013816
0.047391,0.036209,0.015930,0.021964,0.180880,0.683815,0.013812
0.047833,0.036469,0.016188,0.022556,0.184192,0.678687,0.014075
0.052646,0.040225,0.018053,0.024128,0.170679,0.678302,0.015967
0.055553,0.042309,0.019323,0.025787,0.170428,0.669337,0.017264
0.061489,0.046668,0.021593,0.027784,0.157669,0.665078,0.019720
0.053434,0.038726,0.018031,0.025087,0.172817,0.675583,0.016322
0.055602,0.039981,0.018592,0.024848,0.153526,0.690381,0.017070
0.054701,0.039023,0.018202,0.024054,0.149211,0.698125,0.016683
0.053061,0.038324,0.017705,0.023766,0.156441,0.694637,0.016066
0.052871,0.039685,0.017895,0.024000,0.164052,0.685486,0.016011
0.055893,0.042292,0.019188,0.025440,0.163411,0.676502,0.017274
0.057443,0.044158,0.019996,0.026070,0.161590,0.672760,0.017982
0.061973,0.046087,0.021669,0.028108,0.155388,0.666803,0.019972
0.059555,0.041768,0.020087,0.026451,0.149541,0.683842,0.018756
0.067661,0.049332,0.023928,0.030278,0.147759,0.658536,0.022505
0.060381,0.042931,0.020509,0.026909,0.150759,0.679386,0.019124
0.058398,0.042217,0.019742,0.025376,0.145698,0.690364,0.018206
0.061185,0.046216,0.021254,0.025825,0.136178,0.689874,0.019468
0.056340,0.041211,0.019005,0.024538,0.147535,0.694007,0.017364
0.052457,0.038944,0.017497,0.022674,0.149127,0.703593,0.015709
0.050655,0.037258,0.016753,0.022285,0.155491,0.702564,0.014995
0.050863,0.037169,0.016795,0.022414,0.156250,0.701453,0.015055
0.052539,0.038391,0.017440,0.023085,0.154209,0.698614,0.015723
0.056194,0.040033,0.018706,0.024959,0.153832,0.689055,0.017222
0.053667,0.036128,0.017318,0.024364,0.158281,0.694084,0.016158
0.050587,0.034104,0.016059,0.022501,0.155701,0.706222,0.014826
0.051178,0.034544,0.016223,0.022448,0.151916,0.708675,0.015016
0.054356,0.036020,0.017320,0.024112,0.152068,0.699827,0.016297
0.052989,0.033919,0.016608,0.023784,0.154475,0.702479,0.015746
0.053789,0.035187,0.016997,0.023708,0.150150,0.704137,0.016031
0.045770,0.029325,0.013877,0.020464,0.160078,0.717627,0.012859
0.047087,0.031247,0.014599,0.021276,0.164622,0.707767,0.013401
0.045019,0.030030,0.013843,0.020438,0.168310,0.709766,0.012592
0.044812,0.029446,0.013607,0.020230,0.166764,0.712689,0.012451
0.045180,0.030803,0.013890,0.020345,0.169547,0.707670,0.012566
0.046980,0.032468,0.014639,0.021500,0.173639,0.697495,0.013281
0.051647,0.034836,0.016332,0.024194,0.173215,0.684585,0.015192
0.052869,0.035764,0.016576,0.023219,0.154905,0.701183,0.015484
0.049556,0.034573,0.015536,0.021750,0.158007,0.706373,0.014204
0.047396,0.034086,0.014915,0.020950,0.164553,0.704721,0.013379
0.047494,0.034203,0.014938,0.021323,0.170701,0.697935,0.013407
0.048355,0.035435,0.015413,0.021985,0.174471,0.690559,0.013782
0.049938,0.036235,0.016010,0.022912,0.173839,0.686599,0.014467
0.053771,0.039510,0.017601,0.024812,0.172320,0.675941,0.016045
