1.000000,0.000000,0.000000,0.000000,0.000000,0.000000,0.000000
0.294031,0.000000,0.216703,0.294031,0.000000,0.195234,0.000000
0.258295,0.000000,0.244192,0.258295,0.000000,0.239218,0.000000
0.441244,0.000000,0.181730,0.277946,0.000000,0.000000,0.099081
0.445561,0.000000,0.000000,0.534548,0.000000,0.000000,0.019891
0.000000,0.000000,0.004648,0.932772,0.062580,0.000000,0.000000
0.000000,0.000000,0.000000,0.748009,0.251991,0.000000,0.000000
0.000000,0.000000,0.000000,1.000000,0.000000,0.000000,0.000000
0.500000,0.000000,0.000000,0.500000,0.000000,0.000000,0.000000
0.500000,0.000000,0.000000,0.500000,0.000000,0.000000,0.000000
0.000000,0.000000,0.000000,0.623408,0.108147,0.268445,0.000000
0.000000,0.000000,0.000000,0.900887,0.099113,0.000000,0.000000
0.000000,0.000000,0.031494,0.968506,0.000000,0.000000,0.000000
0.000000,0.000000,0.000000,0.609401,0.000000,0.390599,0.000000
0.000000,0.000000,0.000000,0.780092,0.000000,0.219908,0.000000
0.000000,0.000000,0.000000,0.768933,0.000000,0.231067,0.000000
0.000000,0.000000,0.000000,0.764560,0.000000,0.235440,0.000000
0.000000,0.037465,0.000000,0.465754,0.000000,0.345609,0.151171
0.000000,0.000000,0.130118,0.341445,0.000000,0.281185,0.247252
0.000000,0.171156,0.000000,0.354057,0.000000,0.354057,0.120730
0.000000,0.131918,0.000000,0.270038,0.000000,0.299022,0.299022
0.000000,0.254193,0.000000,0.000000,0.048645,0.084390,0.612771
0.000000,0.000000,0.000000,0.326463,0.000000,0.256189,0.417348
0.380880,0.000000,0.000000,0.000000,0.238241,0.000000,0.380880
0.349889,0.000000,0.000000,0.008861,0.178825,0.000000,0.462426
0.000000,0.000000,0.000000,0.265254,0.193546,0.000000,0.541200
0.000000,0.000000,0.000000,0.586744,0.000000,0.000000,0.413256
0.000000,0.000000,0.000000,0.421456,0.000000,0.157088,0.421456
0.000000,0.084918,0.000000,0.354631,0.000000,0.256014,0.304438
0.000000,0.287070,0.000000,0.321954,0.000000,0.321954,0.069022
0.000000,0.222233,0.000000,0.358003,0.000000,0.358003,0.061761
0.000000,0.130445,0.000000,0.390666,0.058788,0.348385,0.071717
0.000000,0.168811,0.000000,0.388647,0.000000,0.263824,0.178718
0.000000,0.004451,0.000000,0.584888,0.000000,0.403736,0.006925
0.000000,0.000000,0.082185,0.529020,0.000000,0.309342,0.079454
0.000000,0.000000,0.000000,0.778091,0.000000,0.221909,0.000000
0.000000,0.104845,0.000000,0.451444,0.000000,0.443711,0.000000
0.000000,0.275559,0.000000,0.362221,0.000000,0.362221,0.000000
0.000000,0.000000,0.000000,0.500000,0.000000,0.500000,0.000000
0.000000,0.000000,0.000000,0.808005,0.000000,0.191995,0.000000
0.000000,0.000000,0.000000,1.000000,0.000000,0.000000,0.000000
0.000000,0.000000,0.000000,1.000000,0.000000,0.000000,0.000000
0.074162,0.000000,0.059571,0.583097,0.283170,0.000000,0.000000
0.000000,0.000000,0.062397,0.670688,0.266916,0.000000,0.000000
0.000000,0.000000,0.384330,0.615670,0.000000,0.000000,0.000000
0.000000,0.000000,0.000000,0.737393,0.053040,0.000000,0.209567
0.000000,0.000000,0.000000,0.796859,0.088799,0.000000,0.114341
0.000000,0.000000,0.112943,0.821433,0.065624,0.000000,0.000000
0.000000,0.000000,0.000000,0.652478,0.311572,0.000000,0.035951
0.000000,0.000000,0.000000,0.684913,0.302511,0.000000,0.012576
0.000000,0.000000,0.120374,0.525695,0.242415,0.000000,0.111516
0.000000,0.000000,0.243781,0.330763,0.330763,0.000000,0.094692
0.000000,0.000000,0.165824,0.291389,0.291389,0.140099,0.111299
0.000000,0.000000,0.013147,0.375922,0.375922,0.166816,0.068194
0.000000,0.000000,0.000000,0.377724,0.377724,0.244552,0.000000
0.000000,0.000000,0.000000,0.389647,0.389647,0.220706,0.000000
0.000000,0.000000,0.000000,0.403242,0.403242,0.193515,0.000000
0.000000,0.000000,0.000000,0.336481,0.336481,0.327039,0.000000
0.000000,0.000000,0.000000,0.330532,0.330532,0.330532,0.008403
0.000000,0.000000,0.000000,0.455591,0.455591,0.088818,0.000000
0.000000,0.000000,0.000000,0.436399,0.436399,0.127201,0.000000
0.000000,0.000000,0.000000,0.462776,0.462776,0.074449,0.000000
0.000000,0.000000,0.000000,0.500000,0.500000,0.000000,0.000000
0.000000,0.000000,0.000000,0.500000,0.500000,0.000000,0.000000
0.000000,0.000000,0.000000,0.500000,0.500000,0.000000,0.000000
0.000000,0.000000,0.000000,0.500000,0.500000,0.000000,0.000000
0.000000,0.000000,0.035035,0.529772,0.435193,0.000000,0.000000
0.000000,0.000000,0.235416,0.447676,0.316908,0.000000,0.000000
0.000000,0.000000,0.334736,0.446590,0.218674,0.000000,0.000000
0.000000,0.000000,0.233563,0.482926,0.251593,0.031919,0.000000
0.000000,0.000000,0.050175,0.500317,0.243028,0.206479,0.000000
0.000000,0.000000,0.000000,0.587462,0.156148,0.256390,0.000000
0.000000,0.000000,0.000000,0.731915,0.268085,0.000000,0.000000
0.291294,0.000000,0.143197,0.291294,0.274215,0.000000,0.000000
0.333333,0.000000,0.000000,0.333333,0.333333,0.000000,0.000000
0.333333,0.000000,0.000000,0.333333,0.333333,0.000000,0.000000
0.333333,0.000000,0.000000,0.333333,0.333333,0.000000,0.000000
0.332763,0.000000,0.028936,0.332763,0.305539,0.000000,0.000000
0.380869,0.000000,0.109779,0.380869,0.128483,0.000000,0.000000
0.353747,0.000000,0.048436,0.353747,0.244069,0.000000,0.000000
0.469002,0.000000,0.061996,0.469002,0.000000,0.000000,0.000000
0.465658,0.000000,0.068685,0.465658,0.000000,0.000000,0.000000
0.454870,0.000000,0.090259,0.454870,0.000000,0.000000,0.000000
0.375977,0.000000,0.248045,0.375977,0.000000,0.000000,0.000000
0.334022,0.000000,0.331956,0.334022,0.000000,0.000000,0.000000
0.319418,0.000000,0.319418,0.319418,0.041747,0.000000,0.000000
0.382380,0.000000,0.235239,0.382380,0.000000,0.000000,0.000000
0.390877,0.000000,0.024830,0.581843,0.002450,0.000000,0.000000
0.000000,0.000000,0.000000,0.636217,0.313929,0.049854,0.000000
0.000000,0.011333,0.000000,0.553814,0.180715,0.254137,0.000000
0.000000,0.039238,0.000000,0.467886,0.137848,0.355028,0.000000
0.000000,0.084712,0.000000,0.547167,0.000000,0.368121,0.000000
0.000000,0.055814,0.000000,0.531295,0.000000,0.412891,0.000000
0.000000,0.078810,0.029595,0.445798,0.000000,0.445798,0.000000
0.263335,0.135049,0.127914,0.263335,0.000000,0.210366,0.000000
0.265015,0.000000,0.204954,0.265015,0.000000,0.265015,0.000000
0.191163,0.000000,0.149737,0.286843,0.085415,0.286843,0.000000
0.283880,0.000000,0.176025,0.283880,0.032554,0.223662,0.000000
0.296507,0.000000,0.224144,0.296507,0.014376,0.168465,0.000000
0.248932,0.000000,0.132558,0.299510,0.032802,0.286198,0.000000
0.049322,0.124073,0.000000,0.409454,0.007698,0.409454,0.000000
0.000000,0.270825,0.000000,0.358780,0.016240,0.354155,0.000000
0.000000,0.336257,0.000000,0.336257,0.000000,0.327486,0.000000
0.281182,0.317321,0.000000,0.317321,0.084176,0.000000,0.000000
0.000000,0.131969,0.000000,0.000000,0.803876,0.000000,0.064155
0.337321,0.000000,0.171690,0.000000,0.205092,0.000000,0.285898
0.397715,0.000000,0.000000,0.000000,0.205455,0.000000,0.396830
0.507035,0.000000,0.000000,0.000000,0.000000,0.000000,0.492965
0.000000,0.212803,0.000000,0.472627,0.109818,0.204752,0.000000
0.000000,0.394151,0.000000,0.451539,0.038609,0.115701,0.000000
0.000000,0.172564,0.000000,0.544030,0.083078,0.200328,0.000000
0.044291,0.000000,0.186406,0.649621,0.025387,0.000000,0.094295
0.000000,0.000000,0.000000,0.652610,0.284268,0.000000,0.063122
0.200992,0.000000,0.000000,0.427708,0.162466,0.000000,0.208834
0.092059,0.000000,0.000000,0.399981,0.073816,0.104085,0.330059
0.078194,0.000000,0.000000,0.407389,0.000000,0.280817,0.233600
0.022251,0.000000,0.000000,0.471749,0.000000,0.039788,0.466211
0.312621,0.000000,0.000000,0.665223,0.000000,0.000000,0.022157
0.209255,0.000000,0.000000,0.674449,0.000000,0.000000,0.116296
0.000000,0.000000,0.000000,0.772751,0.000000,0.000000,0.227249
0.000000,0.000000,0.000000,0.569249,0.000000,0.000000,0.430751
0.000000,0.000000,0.000000,0.489131,0.000000,0.098345,0.412524
0.015490,0.000000,0.000000,0.498785,0.122029,0.000000,0.363696
0.000000,0.000000,0.000000,0.401482,0.319813,0.000000,0.278705
0.000000,0.000000,0.014940,0.567200,0.050557,0.283402,0.083901
0.000000,0.000000,0.000000,0.585376,0.414624,0.000000,0.000000
0.000000,0.000000,0.000000,0.679625,0.320375,0.000000,0.000000
0.000000,0.000000,0.000000,0.680088,0.319912,0.000000,0.000000
0.000000,0.000000,0.000000,0.772422,0.000000,0.227578,0.000000
0.000000,0.000000,0.000000,0.501369,0.000000,0.498631,0.000000
0.000000,0.000000,0.000000,0.500000,0.000000,0.500000,0.000000
0.000000,0.000000,0.000000,0.567632,0.153237,0.279131,0.000000
0.000000,0.000000,0.000000,0.516081,0.348744,0.135175,0.000000
0.000000,0.000000,0.000000,0.478962,0.478962,0.042076,0.000000
0.000000,0.000000,0.000000,0.500000,0.500000,0.000000,0.000000
0.248431,0.000000,0.000000,0.375785,0.375785,0.000000,0.000000
0.388841,0.000000,0.000000,0.388841,0.222319,0.000000,0.000000
0.341042,0.000000,0.041979,0.341042,0.275937,0.000000,0.000000
0.369920,0.000000,0.000000,0.369920,0.260161,0.000000,0.000000
0.063259,0.017879,0.000000,0.582062,0.285319,0.051481,0.000000
0.000000,0.303782,0.000000,0.303782,0.088654,0.303782,0.000000
0.434598,0.000000,0.111056,0.434598,0.019748,0.000000,0.000000
0.500000,0.000000,0.000000,0.500000,0.000000,0.000000,0.000000
0.131596,0.000000,0.000000,0.512510,0.355894,0.000000,0.000000
0.235702,0.000000,0.000000,0.382149,0.382149,0.000000,0.000000
0.027204,0.000000,0.000000,0.486398,0.486398,0.000000,0.000000
0.000000,0.000000,0.000000,0.500000,0.500000,0.000000,0.000000
0.021702,0.000000,0.000000,0.740479,0.237819,0.000000,0.000000
0.000000,0.000000,0.000000,0.500000,0.000000,0.500000,0.000000
0.000000,0.000000,0.000000,0.484329,0.157526,0.358145,0.000000
0.000000,0.000000,0.000000,0.436219,0.127563,0.436219,0.000000
0.000000,0.000000,0.000000,0.475814,0.048373,0.475814,0.000000
0.000000,0.000000,0.000000,0.500000,0.000000,0.500000,0.000000
0.000000,0.237533,0.000000,0.368740,0.024988,0.368740,0.000000
0.000000,0.253083,0.000000,0.373459,0.000000,0.373459,0.000000
0.000000,0.271928,0.000000,0.364036,0.000000,0.364036,0.000000
0.000000,0.249773,0.000000,0.375113,0.000000,0.375113,0.000000
0.167477,0.256293,0.000000,0.288115,0.000000,0.288115,0.000000
0.263424,0.102526,0.000000,0.298897,0.036256,0.298897,0.000000
0.152000,0.183872,0.000000,0.270728,0.122672,0.270728,0.000000
0.052284,0.208476,0.000000,0.343442,0.052356,0.343442,0.000000
0.066357,0.296829,0.000000,0.296829,0.043157,0.296829,0.000000
0.059735,0.294849,0.000000,0.294849,0.055717,0.294849,0.000000
0.061714,0.263522,0.000000,0.300376,0.074013,0.300376,0.000000
0.147582,0.175442,0.000000,0.309774,0.057427,0.309774,0.000000
0.115098,0.280790,0.000000,0.280790,0.042531,0.280790,0.000000
0.144569,0.285144,0.000000,0.285144,0.000000,0.285144,0.000000
0.093821,0.302060,0.000000,0.302060,0.000000,0.302060,0.000000
0.212183,0.207103,0.000000,0.290357,0.000000,0.290357,0.000000
0.104273,0.298576,0.000000,0.298576,0.000000,0.298576,0.000000
0.049588,0.288697,0.000000,0.288697,0.000000,0.288697,0.084320
0.000000,0.288469,0.000000,0.288469,0.041902,0.288469,0.092690
0.000000,0.333333,0.000000,0.333333,0.000000,0.333333,0.000000
0.068880,0.336304,0.000000,0.355517,0.000000,0.239299,0.000000
0.105234,0.300043,0.000000,0.300043,0.000000,0.294679,0.000000
0.000000,0.371671,0.000000,0.330680,0.000000,0.297649,0.000000
0.000000,0.284701,0.000000,0.357650,0.000000,0.357650,0.000000
0.079025,0.342736,0.000000,0.342736,0.000000,0.235503,0.000000
0.078842,0.307053,0.000000,0.307053,0.000000,0.307053,0.000000
0.221508,0.226994,0.000000,0.226994,0.056396,0.058588,0.209519
0.090379,0.288600,0.000000,0.288600,0.043820,0.000000,0.288600
0.102899,0.260084,0.000000,0.260084,0.000000,0.116849,0.260084
0.000000,0.286774,0.000000,0.286774,0.014306,0.125374,0.286774
0.000000,0.265305,0.000000,0.265305,0.047772,0.156312,0.265305
0.000000,0.169927,0.000000,0.291369,0.000000,0.291369,0.247335
0.000000,0.000000,0.000000,0.359085,0.197712,0.329278,0.113925
0.000000,0.000000,0.087821,0.457220,0.015472,0.259676,0.179811
0.000000,0.000000,0.201088,0.415459,0.174740,0.000000,0.208713
0.000000,0.000000,0.144942,0.513163,0.254410,0.000000,0.087485
0.000000,0.000000,0.122117,0.460080,0.326612,0.000000,0.091190
0.171789,0.000000,0.000000,0.717983,0.110229,0.000000,0.000000
0.000000,0.000000,0.000000,1.000000,0.000000,0.000000,0.000000
0.500000,0.000000,0.000000,0.500000,0.000000,0.000000,0.000000
0.000000,0.000000,0.000000,0.628441,0.371559,0.000000,0.000000
0.000000,0.000000,0.000000,0.000000,0.650076,0.000000,0.349924
0.000000,0.000000,0.000000,0.221647,0.008682,0.000000,0.769671
0.000000,0.000000,0.000000,0.000000,0.000000,0.000000,1.000000
0.000000,0.000000,0.000000,0.000000,0.375972,0.000000,0.624028
0.000000,0.000000,0.097724,0.874272,0.000000,0.000000,0.028004
0.135286,0.114010,0.140946,0.609758,0.000000,0.000000,0.000000
0.437709,0.000000,0.391765,0.170527,0.000000,0.000000,0.000000
0.000000,0.000000,0.424167,0.575833,0.000000,0.000000,0.000000
0.000000,0.075381,0.000000,0.699331,0.225287,0.000000,0.000000
0.000000,0.000000,0.000000,0.884810,0.115190,0.000000,0.000000
0.000000,0.000000,0.000000,1.000000,0.000000,0.000000,0.000000
0.000000,0.000000,0.000000,0.838515,0.127213,0.034272,0.000000
0.000000,0.000000,0.000000,0.665463,0.334537,0.000000,0.000000
0.000000,0.000000,0.000000,1.000000,0.000000,0.000000,0.000000
0.000000,0.000000,0.502838,0.497162,0.000000,0.000000,0.000000
0.000000,0.000000,0.799966,0.200034,0.000000,0.000000,0.000000
0.000000,0.000000,0.075556,0.378947,0.000000,0.545497,0.000000
0.000000,0.284318,0.000000,0.306002,0.103679,0.306002,0.000000
0.000000,0.321404,0.000000,0.375859,0.038410,0.264327,0.000000
0.000000,0.030522,0.000000,0.484739,0.000000,0.484739,0.000000
0.000000,0.133322,0.000000,0.365549,0.135580,0.365549,0.000000
0.000000,0.000000,0.000000,0.444706,0.110588,0.444706,0.000000
0.000000,0.000000,0.000000,0.444243,0.111515,0.444243,0.000000
0.000000,0.000000,0.000000,0.440527,0.118946,0.440527,0.000000
0.000000,0.000000,0.000000,0.444834,0.110333,0.444834,0.000000
0.000000,0.000000,0.000000,0.590098,0.150320,0.259582,0.000000
0.000000,0.000000,0.000000,0.703563,0.246802,0.049634,0.000000
0.000000,0.000000,0.000911,0.999089,0.000000,0.000000,0.000000
0.000000,0.000000,0.053143,0.822153,0.000000,0.058674,0.066030
0.000000,0.020469,0.000000,0.538183,0.000000,0.000000,0.441348
0.000000,0.127593,0.000000,0.414697,0.000000,0.077945,0.379765
0.000000,0.288998,0.000000,0.346303,0.000000,0.061842,0.302857
0.000000,0.337951,0.000000,0.337951,0.000000,0.222173,0.101924
0.000000,0.000000,0.069690,0.499262,0.000000,0.431048,0.000000
0.000000,0.000000,0.205998,0.698910,0.000000,0.095092,0.000000
0.167402,0.000000,0.292368,0.540231,0.000000,0.000000,0.000000
0.241429,0.000000,0.307286,0.451285,0.000000,0.000000,0.000000
0.119442,0.000000,0.310114,0.570444,0.000000,0.000000,0.000000
0.000000,0.000000,0.026882,0.793531,0.000000,0.000000,0.179588
0.000000,0.000000,0.260174,0.739826,0.000000,0.000000,0.000000
0.656163,0.000000,0.254249,0.089587,0.000000,0.000000,0.000000
0.596214,0.000000,0.000000,0.056971,0.000000,0.000000,0.346814
0.686850,0.000000,0.075314,0.000000,0.000000,0.000000,0.237836
0.633223,0.000000,0.000000,0.000000,0.000000,0.000000,0.366777
0.483549,0.000000,0.000000,0.000000,0.105758,0.000000,0.410693
0.565392,0.000000,0.000000,0.000000,0.091709,0.000000,0.342899
0.413268,0.173464,0.000000,0.413268,0.000000,0.000000,0.000000
0.506125,0.104719,0.000000,0.389156,0.000000,0.000000,0.000000
0.538719,0.000000,0.168570,0.292711,0.000000,0.000000,0.000000
0.465888,0.000000,0.447663,0.086449,0.000000,0.000000,0.000000
0.500000,0.000000,0.500000,0.000000,0.000000,0.000000,0.000000
0.500000,0.000000,0.500000,0.000000,0.000000,0.000000,0.000000
0.500000,0.000000,0.500000,0.000000,0.000000,0.000000,0.000000
0.500000,0.000000,0.500000,0.000000,0.000000,0.000000,0.000000
0.500000,0.000000,0.500000,0.000000,0.000000,0.000000,0.000000
0.479978,0.000000,0.436636,0.083386,0.000000,0.000000,0.000000
0.436861,0.000000,0.423316,0.139823,0.000000,0.000000,0.000000
0.537719,0.000000,0.325844,0.136437,0.000000,0.000000,0.000000
0.433569,0.000000,0.255220,0.311211,0.000000,0.000000,0.000000
0.510383,0.000000,0.130147,0.359470,0.000000,0.000000,0.000000
0.518855,0.000000,0.134988,0.346157,0.000000,0.000000,0.000000
0.623914,0.000000,0.000000,0.376086,0.000000,0.000000,0.000000
0.381765,0.000000,0.000000,0.618235,0.000000,0.000000,0.000000
0.000000,0.000000,0.000000,0.640842,0.359158,0.000000,0.000000
0.000000,0.000000,0.000000,0.583617,0.416383,0.000000,0.000000
0.219288,0.000000,0.000000,0.415089,0.365623,0.000000,0.000000
0.363595,0.000000,0.000000,0.363595,0.272811,0.000000,0.000000
0.342353,0.000000,0.000000,0.342353,0.315295,0.000000,0.000000
0.345962,0.000000,0.000000,0.308075,0.345962,0.000000,0.000000
0.333333,0.000000,0.000000,0.333333,0.333333,0.000000,0.000000
0.333333,0.000000,0.000000,0.333333,0.333333,0.000000,0.000000
0.333333,0.000000,0.000000,0.333333,0.333333,0.000000,0.000000
0.333333,0.000000,0.000000,0.333333,0.333333,0.000000,0.000000
0.336745,0.000000,0.000000,0.089367,0.376332,0.000000,0.197556
0.397181,0.000000,0.000000,0.276132,0.122984,0.000000,0.203702
0.439169,0.000000,0.000000,0.300487,0.260343,0.000000,0.000000
0.164320,0.000000,0.000000,0.612958,0.222722,0.000000,0.000000
0.000000,0.000000,0.009740,0.802933,0.187327,0.000000,0.000000
0.000000,0.000000,0.000000,0.708162,0.291838,0.000000,0.000000
0.000000,0.000000,0.000000,0.685217,0.314783,0.000000,0.000000
0.000000,0.000000,0.000000,0.507293,0.492707,0.000000,0.000000
0.000000,0.000000,0.000000,0.581922,0.353359,0.064719,0.000000
0.000000,0.000000,0.000000,0.448427,0.215655,0.335918,0.000000
0.000000,0.000000,0.000000,0.668764,0.000000,0.331236,0.000000
0.153694,0.000000,0.018380,0.658221,0.000000,0.169706,0.000000
0.000000,0.000000,0.000000,0.869863,0.000000,0.130137,0.000000
0.000000,0.000000,0.000000,0.848110,0.000000,0.151890,0.000000
0.000000,0.000000,0.000000,1.000000,0.000000,0.000000,0.000000
0.000000,0.000000,0.000000,1.000000,0.000000,0.000000,0.000000
0.000000,0.000000,0.000000,0.896944,0.000000,0.103056,0.000000
0.000000,0.000000,0.000000,0.730532,0.000000,0.269468,0.000000
0.000000,0.000000,0.111004,0.575826,0.000000,0.313170,0.000000
0.226386,0.000000,0.284922,0.409338,0.000000,0.079355,0.000000
0.152941,0.000000,0.317778,0.529280,0.000000,0.000000,0.000000
0.000000,0.000000,0.000000,0.755893,0.000000,0.244107,0.000000
0.000000,0.000000,0.036282,0.830039,0.000000,0.133679,0.000000
0.000000,0.000000,0.013768,0.667400,0.000000,0.318833,0.000000
0.000000,0.000000,0.000000,1.000000,0.000000,0.000000,0.000000
0.000000,0.000000,0.000000,1.000000,0.000000,0.000000,0.000000
0.000000,0.000000,0.000000,1.000000,0.000000,0.000000,0.000000
0.000000,0.000000,0.043490,0.814904,0.000000,0.141606,0.000000
0.000000,0.000000,0.241007,0.582225,0.000000,0.176768,0.000000
0.000000,0.000000,0.233009,0.550037,0.000000,0.216954,0.000000
0.000000,0.000000,0.154832,0.658079,0.000000,0.187089,0.000000
0.000000,0.000000,0.000000,0.759453,0.000000,0.240547,0.000000
0.000000,0.000000,0.000000,0.617654,0.000000,0.382346,0.000000
0.000000,0.000000,0.000000,0.500000,0.000000,0.500000,0.000000
0.000000,0.000000,0.000000,0.500000,0.000000,0.500000,0.000000
0.000000,0.000000,0.000000,0.601470,0.000000,0.398530,0.000000
0.000000,0.000000,0.000000,0.700413,0.000000,0.299587,0.000000
0.000000,0.000000,0.280712,0.719288,0.000000,0.000000,0.000000
0.000000,0.000000,0.260828,0.739172,0.000000,0.000000,0.000000
0.000000,0.000000,0.195979,0.804021,0.000000,0.000000,0.000000
0.000000,0.000000,0.390266,0.609734,0.000000,0.000000,0.000000
0.000000,0.000000,0.000000,1.000000,0.000000,0.000000,0.000000
0.000000,0.000000,0.224052,0.651105,0.000000,0.124843,0.000000
0.000000,0.000000,0.299382,0.689758,0.000000,0.010861,0.000000
0.000000,0.000000,0.056089,0.755161,0.000000,0.188750,0.000000
0.000000,0.000000,0.000000,0.905690,0.000000,0.000000,0.094310
0.000000,0.000000,0.000000,1.000000,0.000000,0.000000,0.000000
0.000000,0.000000,0.000000,0.937767,0.000000,0.062233,0.000000
0.000000,0.000000,0.000000,0.745025,0.000000,0.254975,0.000000
0.000000,0.000000,0.000000,0.905076,0.000000,0.094924,0.000000
0.000000,0.000000,0.000000,0.812988,0.000000,0.187012,0.000000
0.000000,0.000000,0.000000,0.595197,0.000000,0.404803,0.000000
0.000000,0.000000,0.000000,0.672113,0.000000,0.327887,0.000000
0.000000,0.000000,0.011106,0.664165,0.000000,0.324729,0.000000
0.000000,0.000000,0.000000,0.506037,0.000000,0.493963,0.000000
0.000000,0.000000,0.000000,0.509909,0.130188,0.359903,0.000000
0.000000,0.000000,0.067380,0.587581,0.165433,0.120231,0.059376
0.000000,0.000000,0.260949,0.426328,0.162126,0.000000,0.150597
0.000000,0.000000,0.111356,0.327818,0.327818,0.233009,0.000000
0.000000,0.000000,0.000000,0.351677,0.351677,0.296647,0.000000
0.000000,0.000000,0.000000,0.389777,0.389777,0.220446,0.000000
0.146721,0.000000,0.204794,0.290920,0.290920,0.014251,0.052394
0.167922,0.000000,0.143952,0.274452,0.274452,0.000000,0.139221
0.185141,0.000000,0.294867,0.325760,0.160670,0.000000,0.033561
0.110164,0.000000,0.212306,0.485759,0.031420,0.160351,0.000000
0.000000,0.042714,0.000000,0.503081,0.000000,0.454205,0.000000
0.000000,0.000000,0.075183,0.681984,0.000000,0.242833,0.000000
0.000000,0.000000,0.000000,0.645921,0.354079,0.000000,0.000000
0.000000,0.000000,0.128664,0.412277,0.370829,0.088230,0.000000
0.000000,0.000000,0.034215,0.508880,0.000000,0.456905,0.000000
0.000000,0.000000,0.350870,0.496055,0.029058,0.124017,0.000000
0.000000,0.000000,0.263344,0.500335,0.000000,0.236321,0.000000
0.000000,0.000000,0.376706,0.623294,0.000000,0.000000,0.000000
0.000000,0.000000,0.432881,0.496553,0.000000,0.070566,0.000000
0.000000,0.000000,0.149002,0.520739,0.000000,0.330259,0.000000
0.010734,0.000000,0.159761,0.442810,0.000000,0.386695,0.000000
0.272249,0.000000,0.039296,0.344228,0.000000,0.344228,0.000000
0.010229,0.000000,0.000000,0.447531,0.094708,0.447531,0.000000
0.000000,0.000000,0.000000,0.390570,0.218860,0.390570,0.000000
0.000000,0.000000,0.000000,0.443130,0.113740,0.443130,0.000000
0.000000,0.000000,0.000000,0.435594,0.128812,0.435594,0.000000
0.000000,0.000000,0.000000,0.457137,0.085726,0.457137,0.000000
0.000000,0.000000,0.000000,0.500000,0.000000,0.500000,0.000000
0.000000,0.000000,0.000000,0.500000,0.000000,0.500000,0.000000
0.000000,0.000000,0.128972,0.561804,0.000000,0.309224,0.000000
0.000000,0.000000,0.026185,0.486907,0.000000,0.486907,0.000000
0.267915,0.000000,0.002425,0.396635,0.000000,0.333025,0.000000
0.297556,0.000000,0.115039,0.297556,0.000000,0.289848,0.000000
0.182620,0.000000,0.115255,0.374208,0.000000,0.327918,0.000000
0.142427,0.000000,0.000000,0.437318,0.000000,0.420255,0.000000
0.008926,0.000000,0.000000,0.495537,0.000000,0.495537,0.000000
0.000000,0.000000,0.026576,0.636587,0.000000,0.336836,0.000000
0.000000,0.000000,0.370872,0.474658,0.000000,0.154469,0.000000
0.220684,0.000000,0.095039,0.342138,0.000000,0.342138,0.000000
0.278747,0.000000,0.153112,0.284070,0.000000,0.284070,0.000000
0.205334,0.000000,0.210779,0.291944,0.000000,0.291944,0.000000
0.046941,0.000000,0.461218,0.461218,0.000000,0.030622,0.000000
0.034335,0.000000,0.404439,0.561225,0.000000,0.000000,0.000000
0.179543,0.000000,0.370721,0.449736,0.000000,0.000000,0.000000
0.329345,0.000000,0.162786,0.437979,0.069891,0.000000,0.000000
0.294813,0.000000,0.150011,0.294813,0.203500,0.000000,0.056863
0.325028,0.000000,0.325028,0.325028,0.024917,0.000000,0.000000
0.328512,0.000000,0.328512,0.328512,0.014463,0.000000,0.000000
0.322904,0.000000,0.307490,0.322904,0.046703,0.000000,0.000000
0.171783,0.000000,0.274463,0.375258,0.178497,0.000000,0.000000
0.294223,0.000000,0.330510,0.333293,0.041974,0.000000,0.000000
0.333333,0.000000,0.333333,0.333333,0.000000,0.000000,0.000000
0.333333,0.000000,0.333333,0.333333,0.000000,0.000000,0.000000
0.355658,0.000000,0.288685,0.355658,0.000000,0.000000,0.000000
0.496193,0.000000,0.007614,0.496193,0.000000,0.000000,0.000000
0.445078,0.000000,0.109845,0.445078,0.000000,0.000000,0.000000
0.362063,0.000000,0.000000,0.362063,0.000000,0.000000,0.275874
0.353697,0.353697,0.000000,0.034966,0.012898,0.000000,0.244742
0.373026,0.373026,0.000000,0.000000,0.000000,0.000000,0.253948
0.000000,0.320689,0.000000,0.320689,0.000000,0.091315,0.267307
0.092364,0.316929,0.000000,0.316929,0.000000,0.034219,0.239559
0.048095,0.331992,0.000000,0.331992,0.000000,0.000000,0.287922
0.096477,0.360404,0.000000,0.360404,0.000000,0.078132,0.104582
0.000000,0.370159,0.000000,0.512738,0.000000,0.117103,0.000000
0.074656,0.322406,0.000000,0.602938,0.000000,0.000000,0.000000
0.000000,0.000000,0.000000,1.000000,0.000000,0.000000,0.000000
0.065280,0.417681,0.000000,0.517039,0.000000,0.000000,0.000000
0.000000,0.000000,0.000000,0.552367,0.000000,0.182790,0.264842
0.000000,0.000000,0.000000,0.456842,0.174119,0.000000,0.369039
0.225080,0.000000,0.000000,0.543260,0.000000,0.000000,0.231659
0.199160,0.000000,0.000000,0.554705,0.000000,0.135703,0.110433
0.123139,0.000000,0.000000,0.499933,0.000000,0.000000,0.376928
0.353070,0.201176,0.000000,0.353070,0.000000,0.000000,0.092684
0.397374,0.000000,0.000000,0.587653,0.000000,0.000000,0.014972
0.424722,0.000000,0.000000,0.397457,0.000000,0.000000,0.177822
0.388418,0.223164,0.000000,0.388418,0.000000,0.000000,0.000000
0.324831,0.203492,0.000000,0.324831,0.146846,0.000000,0.000000
0.115477,0.000000,0.255938,0.419618,0.208968,0.000000,0.000000
0.145794,0.000000,0.024283,0.481202,0.256095,0.092627,0.000000
0.351445,0.000000,0.000000,0.414782,0.233773,0.000000,0.000000
0.345355,0.143235,0.000000,0.345355,0.166055,0.000000,0.000000
0.339120,0.118742,0.000000,0.339120,0.130252,0.072767,0.000000
0.461901,0.055112,0.000000,0.461901,0.021087,0.000000,0.000000
0.477871,0.011397,0.032862,0.477871,0.000000,0.000000,0.000000
0.478906,0.000000,0.037905,0.478906,0.004283,0.000000,0.000000
0.347130,0.000000,0.305739,0.347130,0.000000,0.000000,0.000000
0.340331,0.000000,0.319339,0.340331,0.000000,0.000000,0.000000
0.363390,0.000000,0.273220,0.363390,0.000000,0.000000,0.000000
0.343327,0.000000,0.313347,0.343327,0.000000,0.000000,0.000000
0.354889,0.000000,0.290222,0.354889,0.000000,0.000000,0.000000
0.244030,0.000000,0.240830,0.244030,0.244030,0.000000,0.027079
0.234146,0.000000,0.234146,0.234146,0.234146,0.000000,0.063414
0.163498,0.000000,0.220279,0.278017,0.249193,0.000000,0.089013
0.080748,0.000000,0.262647,0.352096,0.187024,0.000000,0.117485
0.166170,0.000000,0.173962,0.313720,0.299519,0.000000,0.046629
0.000000,0.000000,0.054884,0.483245,0.461871,0.000000,0.000000
0.000000,0.000000,0.000000,0.552583,0.447417,0.000000,0.000000
0.000000,0.000000,0.000000,0.533796,0.466204,0.000000,0.000000
0.000000,0.000000,0.000000,0.524121,0.475879,0.000000,0.000000
0.000000,0.000000,0.000000,0.560675,0.439325,0.000000,0.000000
0.276064,0.000000,0.171807,0.276064,0.276064,0.000000,0.000000
0.270922,0.000000,0.160735,0.329757,0.238586,0.000000,0.000000
0.089904,0.000000,0.051596,0.463456,0.395044,0.000000,0.000000
0.199914,0.000000,0.015898,0.549909,0.234279,0.000000,0.000000
0.404017,0.000000,0.191967,0.404017,0.000000,0.000000,0.000000
0.351689,0.000000,0.032771,0.399011,0.216529,0.000000,0.000000
0.371395,0.000000,0.246702,0.381904,0.000000,0.000000,0.000000
0.368620,0.000000,0.097142,0.534238,0.000000,0.000000,0.000000
0.487324,0.000000,0.000000,0.512676,0.000000,0.000000,0.000000
0.000000,0.000000,0.000000,0.918960,0.081040,0.000000,0.000000
0.000000,0.000000,0.094621,0.413594,0.304706,0.187079,0.000000
0.000000,0.000000,0.000000,0.401841,0.401841,0.196319,0.000000
0.000000,0.000000,0.000000,0.381949,0.381949,0.236102,0.000000
0.000000,0.000000,0.000000,0.378300,0.378300,0.243399,0.000000
0.000000,0.000000,0.000000,0.361458,0.277084,0.361458,0.000000
0.000000,0.000000,0.000000,0.442820,0.114360,0.442820,0.000000
0.000000,0.000000,0.000000,0.385531,0.164499,0.385531,0.064439
0.000000,0.000000,0.000000,0.402978,0.163410,0.402978,0.030634
0.000000,0.000000,0.000000,0.375978,0.248044,0.375978,0.000000
0.000000,0.000000,0.000000,0.363477,0.243514,0.363477,0.029533
0.000000,0.000000,0.000000,0.398058,0.203884,0.398058,0.000000
0.000000,0.000000,0.000000,0.395813,0.208373,0.395813,0.000000
0.000000,0.000000,0.000000,0.601463,0.000000,0.398537,0.000000
0.000000,0.000000,0.204931,0.795069,0.000000,0.000000,0.000000
0.000000,0.000000,0.371334,0.628666,0.000000,0.000000,0.000000
0.000000,0.000000,0.300381,0.413962,0.000000,0.192569,0.093088
0.000000,0.000000,0.254508,0.505657,0.000000,0.007677,0.232158
0.000000,0.000000,0.072965,0.927035,0.000000,0.000000,0.000000
0.000000,0.000000,0.154771,0.845229,0.000000,0.000000,0.000000
0.000000,0.000000,0.345463,0.654536,0.000000,0.000000,0.000000
0.000000,0.000000,0.366586,0.633414,0.000000,0.000000,0.000000
0.000000,0.000000,0.069341,0.848377,0.082282,0.000000,0.000000
0.000000,0.000000,0.044349,0.586055,0.000000,0.369596,0.000000
0.000000,0.000000,0.412541,0.587459,0.000000,0.000000,0.000000
0.000000,0.000000,0.000000,0.508567,0.000000,0.491433,0.000000
0.000000,0.000000,0.000000,0.500000,0.000000,0.500000,0.000000
0.000000,0.000000,0.149739,0.575476,0.000000,0.274785,0.000000
0.356029,0.000000,0.287941,0.356029,0.000000,0.000000,0.000000
0.312322,0.000000,0.312322,0.312322,0.000000,0.063034,0.000000
0.280022,0.000000,0.280022,0.280022,0.000000,0.159933,0.000000
0.293648,0.000000,0.293648,0.293648,0.119056,0.000000,0.000000
0.192336,0.000000,0.348860,0.352458,0.000000,0.000000,0.106346
0.175626,0.000000,0.397003,0.397003,0.000000,0.000000,0.030369
0.022065,0.000000,0.385129,0.592806,0.000000,0.000000,0.000000
0.000000,0.000000,0.339037,0.512244,0.000000,0.000000,0.148719
0.113978,0.000000,0.226768,0.633210,0.000000,0.000000,0.026044
0.395457,0.000000,0.165483,0.411588,0.000000,0.000000,0.027472
0.276521,0.000000,0.000000,0.460239,0.000000,0.000000,0.263240
0.166496,0.000000,0.132536,0.631052,0.000000,0.000000,0.069916
0.374918,0.000000,0.000000,0.612703,0.000000,0.000000,0.012379
0.412905,0.000000,0.000000,0.587095,0.000000,0.000000,0.000000
0.474584,0.000000,0.000000,0.499726,0.000000,0.000000,0.025690
0.000000,0.000000,0.000000,1.000000,0.000000,0.000000,0.000000
0.025101,0.000000,0.000000,0.974899,0.000000,0.000000,0.000000
0.391789,0.000000,0.000000,0.608211,0.000000,0.000000,0.000000
0.271744,0.000000,0.000000,0.642732,0.000000,0.000000,0.085524
0.000000,0.000000,0.000000,0.886094,0.113906,0.000000,0.000000
0.000000,0.000000,0.000000,0.803495,0.196505,0.000000,0.000000
0.000000,0.000000,0.000000,1.000000,0.000000,0.000000,0.000000
0.000000,0.000000,0.000000,0.500000,0.000000,0.000000,0.500000
0.000000,0.000000,0.000000,1.000000,0.000000,0.000000,0.000000
0.000000,0.000000,0.000000,0.979899,0.000000,0.020101,0.000000
0.000000,0.000000,0.000000,1.000000,0.000000,0.000000,0.000000
0.000000,0.000000,0.000000,1.000000,0.000000,0.000000,0.000000
0.000000,0.000000,0.000000,1.000000,0.000000,0.000000,0.000000
0.000000,0.000000,0.000000,1.000000,0.000000,0.000000,0.000000
0.000000,0.025968,0.000000,0.441223,0.000000,0.441223,0.091586
0.000000,0.000000,0.000000,0.490465,0.000000,0.490465,0.019071
0.000000,0.000000,0.000000,0.500000,0.000000,0.500000,0.000000
0.000000,0.000000,0.000000,0.500000,0.000000,0.500000,0.000000
0.000000,0.000000,0.000000,0.500093,0.000000,0.499907,0.000000
0.000000,0.000000,0.000000,0.500000,0.000000,0.500000,0.000000
0.000000,0.000000,0.000000,0.470700,0.058600,0.470700,0.000000
0.000000,0.000000,0.000000,0.500000,0.000000,0.500000,0.000000
0.000000,0.000000,0.000000,0.430712,0.138575,0.430712,0.000000
0.000000,0.005147,0.000000,0.460289,0.074275,0.460289,0.000000
0.000000,0.000000,0.000000,0.410507,0.178986,0.410507,0.000000
0.000000,0.094525,0.000000,0.430960,0.043554,0.430960,0.000000
0.000000,0.178191,0.000000,0.370362,0.000000,0.370362,0.081085
0.000000,0.037876,0.000000,0.470307,0.000000,0.328707,0.163111
0.000000,0.138744,0.000000,0.479700,0.000000,0.219574,0.161982
0.000000,0.000000,0.000000,0.686066,0.000000,0.188794,0.125140
0.000000,0.345355,0.000000,0.345355,0.000000,0.120468,0.188822
0.000000,0.315319,0.000000,0.315319,0.000000,0.172577,0.196784
0.000000,0.350627,0.000000,0.350627,0.000000,0.082684,0.216062
0.000000,0.286829,0.000000,0.286829,0.000000,0.286829,0.139513
0.000000,0.299432,0.000000,0.299432,0.000000,0.299432,0.101703
0.000000,0.310192,0.000000,0.310192,0.000000,0.310192,0.069423
0.000000,0.265027,0.000000,0.265027,0.067762,0.265027,0.137158
0.000000,0.242377,0.000000,0.242377,0.091493,0.242377,0.181374
0.000000,0.221592,0.000000,0.221592,0.172870,0.221592,0.162353
0.079839,0.235296,0.000000,0.235296,0.113062,0.235296,0.101212
0.138176,0.263814,0.000000,0.263814,0.000000,0.263814,0.070383
0.080212,0.284568,0.000000,0.284568,0.000000,0.284568,0.066083
0.000000,0.327718,0.000000,0.327718,0.000000,0.327718,0.016845
0.000000,0.333333,0.000000,0.333333,0.000000,0.333333,0.000000
0.000000,0.080400,0.000000,0.406350,0.106900,0.406350,0.000000
0.395056,0.000000,0.242361,0.362584,0.000000,0.000000,0.000000
0.372832,0.000000,0.372832,0.254335,0.000000,0.000000,0.000000
0.500000,0.000000,0.500000,0.000000,0.000000,0.000000,0.000000
0.475560,0.000000,0.475560,0.000000,0.000000,0.000000,0.048881
0.555636,0.000000,0.444364,0.000000,0.000000,0.000000,0.000000
0.539304,0.350572,0.078508,0.000000,0.000000,0.031617,0.000000
0.376853,0.376853,0.239436,0.000000,0.000000,0.000000,0.006859
0.425069,0.425069,0.149861,0.000000,0.000000,0.000000,0.000000
0.440149,0.440149,0.029871,0.089831,0.000000,0.000000,0.000000
0.391580,0.391580,0.102422,0.105787,0.000000,0.000000,0.008632
0.397958,0.164123,0.126908,0.311011,0.000000,0.000000,0.000000
0.390603,0.218794,0.000000,0.390603,0.000000,0.000000,0.000000
0.322156,0.298397,0.000000,0.322156,0.000000,0.000000,0.057292
0.322836,0.291581,0.063872,0.295305,0.000000,0.000000,0.026406
0.350197,0.135178,0.164427,0.350197,0.000000,0.000000,0.000000
0.276147,0.206629,0.241076,0.276147,0.000000,0.000000,0.000000
0.244331,0.244331,0.223054,0.244331,0.000000,0.013033,0.030918
0.221713,0.221713,0.221713,0.221713,0.000000,0.113150,0.000000
0.247902,0.247902,0.108430,0.247902,0.000000,0.135955,0.011908
0.286742,0.121402,0.170873,0.323922,0.000000,0.000000,0.097062
0.415908,0.000000,0.128130,0.455961,0.000000,0.000000,0.000000
0.000000,0.000000,0.000000,0.945349,0.054651,0.000000,0.000000
0.000000,0.000000,0.000000,0.500000,0.500000,0.000000,0.000000
0.000000,0.000000,0.000000,0.499249,0.499249,0.001503,0.000000
0.000000,0.000000,0.000000,0.544976,0.455024,0.000000,0.000000
0.000000,0.000000,0.000000,0.414224,0.414224,0.171552,0.000000
0.000000,0.000000,0.000000,0.377999,0.342046,0.279955,0.000000
0.000000,0.070828,0.000000,0.469777,0.080287,0.379108,0.000000
0.000000,0.000000,0.000000,0.754024,0.000000,0.245976,0.000000
0.000000,0.000000,0.000000,0.528977,0.000000,0.402106,0.068916
0.000000,0.000000,0.000000,0.942677,0.000000,0.057323,0.000000
0.000000,0.000000,0.000000,0.736040,0.000000,0.263960,0.000000
0.000000,0.061217,0.000000,0.448171,0.183020,0.307592,0.000000
0.000000,0.000000,0.000000,0.439445,0.285683,0.274871,0.000000
0.000000,0.000000,0.000000,0.351854,0.296291,0.351854,0.000000
0.000000,0.000000,0.000000,0.333333,0.333333,0.333333,0.000000
0.000000,0.000000,0.000000,0.341253,0.317493,0.341253,0.000000
0.000000,0.000000,0.000000,0.395436,0.209127,0.395436,0.000000
0.000000,0.000000,0.000000,0.406199,0.292218,0.301583,0.000000
0.000000,0.000000,0.000000,0.374273,0.251925,0.373802,0.000000
0.000000,0.000000,0.000000,0.333333,0.333333,0.333333,0.000000
0.000000,0.228826,0.000000,0.257058,0.257058,0.257058,0.000000
0.000000,0.000000,0.000000,0.333333,0.333333,0.333333,0.000000
0.000000,0.000000,0.000000,0.333333,0.333333,0.333333,0.000000
0.000000,0.000000,0.182842,0.462342,0.100089,0.254727,0.000000
0.000000,0.000000,0.283398,0.654288,0.000000,0.062314,0.000000
0.000000,0.000000,0.000000,0.394905,0.258952,0.346143,0.000000
0.000000,0.000000,0.017137,0.328844,0.328844,0.325174,0.000000
0.105688,0.000000,0.000000,0.419334,0.000000,0.419334,0.055645
0.000000,0.000000,0.000000,0.351976,0.000000,0.351976,0.296047
0.032081,0.000000,0.000000,0.360249,0.015796,0.231624,0.360249
0.109792,0.000000,0.000000,0.528973,0.000000,0.000000,0.361235
0.361894,0.000000,0.000000,0.390896,0.000000,0.000000,0.247210
0.379010,0.000000,0.000000,0.379010,0.002535,0.000000,0.239444
0.405829,0.000000,0.000000,0.405829,0.141543,0.000000,0.046800
0.419211,0.000000,0.000000,0.419211,0.161578,0.000000,0.000000
0.402455,0.000000,0.000000,0.402455,0.195090,0.000000,0.000000
0.453856,0.000000,0.000000,0.453856,0.092288,0.000000,0.000000
0.470696,0.000000,0.000000,0.470696,0.058608,0.000000,0.000000
0.486891,0.000000,0.000000,0.486891,0.026218,0.000000,0.000000
0.500000,0.000000,0.000000,0.500000,0.000000,0.000000,0.000000
0.382154,0.000000,0.000000,0.382154,0.235692,0.000000,0.000000
0.371407,0.000000,0.000000,0.371407,0.257187,0.000000,0.000000
0.432651,0.000000,0.000000,0.432651,0.134697,0.000000,0.000000
0.379848,0.000000,0.000000,0.379848,0.240304,0.000000,0.000000
0.371836,0.000000,0.000000,0.371836,0.256329,0.000000,0.000000
0.360362,0.000000,0.000000,0.360362,0.279277,0.000000,0.000000
0.000000,0.000000,0.000000,0.568827,0.431173,0.000000,0.000000
0.000000,0.000000,0.000000,0.751061,0.248939,0.000000,0.000000
0.000000,0.000000,0.000000,0.500000,0.500000,0.000000,0.000000
0.000000,0.000000,0.000000,0.575626,0.424374,0.000000,0.000000
0.000000,0.000000,0.000000,0.612065,0.184018,0.203916,0.000000
0.000000,0.000000,0.062284,0.937716,0.000000,0.000000,0.000000
0.000000,0.000000,0.283927,0.716073,0.000000,0.000000,0.000000
0.000000,0.000000,0.500000,0.500000,0.000000,0.000000,0.000000
0.000000,0.000000,0.500000,0.500000,0.000000,0.000000,0.000000
0.000000,0.000000,0.500000,0.500000,0.000000,0.000000,0.000000
0.000000,0.000000,0.492914,0.492914,0.000000,0.014172,0.000000
0.000000,0.000000,0.470629,0.529371,0.000000,0.000000,0.000000
0.000000,0.000000,0.100800,0.741157,0.000000,0.158043,0.000000
0.000000,0.000000,0.000000,0.715180,0.000000,0.284820,0.000000
0.000000,0.000000,0.000000,0.927562,0.000000,0.072438,0.000000
0.000000,0.000000,0.000000,0.703825,0.000000,0.296175,0.000000
0.000000,0.000000,0.450460,0.549540,0.000000,0.000000,0.000000
0.064628,0.000000,0.239377,0.444950,0.000000,0.251045,0.000000
0.125173,0.000000,0.113072,0.380877,0.000000,0.380877,0.000000
0.199765,0.000000,0.000000,0.400117,0.000000,0.400117,0.000000
0.198334,0.000000,0.000000,0.384467,0.000000,0.384467,0.032732
0.145220,0.045741,0.000000,0.404520,0.000000,0.404520,0.000000
0.000000,0.000000,0.000000,0.480989,0.038022,0.480989,0.000000
0.000000,0.000000,0.000000,0.457514,0.084973,0.457514,0.000000
0.000000,0.000000,0.000000,0.484176,0.031649,0.484176,0.000000
0.000000,0.142749,0.000000,0.428625,0.000000,0.428625,0.000000
0.000000,0.178944,0.000000,0.367465,0.066406,0.367465,0.019721
0.000000,0.000000,0.000000,0.453887,0.092225,0.453887,0.000000
0.000000,0.000000,0.000000,0.500000,0.000000,0.500000,0.000000
0.000000,0.000000,0.000000,0.500000,0.000000,0.500000,0.000000
0.000000,0.000000,0.000000,0.468387,0.063227,0.468387,0.000000
0.000000,0.000000,0.000000,0.500000,0.000000,0.500000,0.000000
0.000000,0.000000,0.000000,0.500000,0.000000,0.500000,0.000000
0.030675,0.000000,0.000000,0.678509,0.000000,0.290817,0.000000
0.500000,0.000000,0.000000,0.500000,0.000000,0.000000,0.000000
0.402399,0.000000,0.000000,0.402399,0.000000,0.000000,0.195202
0.313203,0.000000,0.118035,0.313203,0.000000,0.000000,0.255559
0.404971,0.000000,0.000000,0.404971,0.190057,0.000000,0.000000
0.483018,0.000000,0.000000,0.483018,0.033964,0.000000,0.000000
0.430401,0.000000,0.000000,0.430401,0.139198,0.000000,0.000000
0.042404,0.000000,0.237678,0.719918,0.000000,0.000000,0.000000
0.001443,0.000000,0.136822,0.861735,0.000000,0.000000,0.000000
0.282544,0.000000,0.000000,0.717456,0.000000,0.000000,0.000000
0.404396,0.000000,0.191207,0.404396,0.000000,0.000000,0.000000
0.000000,0.000000,0.000000,0.873813,0.126187,0.000000,0.000000
0.000000,0.000000,0.061327,0.583889,0.354784,0.000000,0.000000
0.000000,0.000000,0.000000,0.463427,0.463427,0.073147,0.000000
0.000000,0.000000,0.000000,0.440453,0.440453,0.119094,0.000000
