1.000000,0.000000,0.000000,0.000000,0.000000,0.000000,0.000000
0.140371,0.173106,0.186636,0.053898,0.187031,0.153974,0.104984
0.140300,0.173239,0.186894,0.053542,0.187269,0.154014,0.104743
0.140261,0.173226,0.186840,0.053571,0.187313,0.153999,0.104789
0.140288,0.173167,0.186744,0.053707,0.187217,0.153993,0.104884
0.140248,0.173234,0.186894,0.053497,0.187358,0.154033,0.104736
0.140377,0.172923,0.186235,0.054379,0.186818,0.153905,0.105363
0.140390,0.172915,0.186196,0.054440,0.186771,0.153884,0.105405
0.140352,0.173031,0.186423,0.054139,0.186943,0.153924,0.105189
0.140214,0.173267,0.186926,0.053433,0.187422,0.154033,0.104704
0.140216,0.173268,0.186930,0.053428,0.187423,0.154035,0.104698
0.140198,0.173294,0.186996,0.053341,0.187478,0.154053,0.104640
0.140213,0.173252,0.186927,0.053432,0.187424,0.154047,0.104705
0.140197,0.173299,0.187055,0.053266,0.187518,0.154082,0.104583
0.140342,0.172961,0.186391,0.054175,0.186935,0.153970,0.105226
0.140473,0.172647,0.185801,0.054980,0.186426,0.153890,0.105783
0.140442,0.172724,0.185966,0.054764,0.186549,0.153923,0.105632
0.140509,0.172622,0.185716,0.055119,0.186314,0.153841,0.105879
0.140449,0.172803,0.186161,0.054529,0.186649,0.153960,0.105448
0.140326,0.173210,0.187013,0.053435,0.187280,0.154093,0.104642
0.140266,0.173343,0.187253,0.053098,0.187503,0.154131,0.104406
0.140105,0.173644,0.187852,0.052280,0.188056,0.154232,0.103831
0.140091,0.173688,0.187930,0.052175,0.188126,0.154238,0.103753
0.140058,0.173704,0.187979,0.052093,0.188203,0.154258,0.103704
0.140109,0.173629,0.187846,0.052288,0.188045,0.154248,0.103835
0.140092,0.173654,0.187889,0.052228,0.188086,0.154255,0.103796
0.140109,0.173635,0.187846,0.052292,0.188035,0.154245,0.103837
0.140104,0.173673,0.187891,0.052236,0.188065,0.154234,0.103797
0.140102,0.173644,0.187845,0.052291,0.188032,0.154242,0.103843
0.140084,0.173659,0.187903,0.052210,0.188092,0.154265,0.103787
0.140121,0.173602,0.187805,0.052355,0.187981,0.154251,0.103884
0.140090,0.173692,0.187975,0.052135,0.188112,0.154276,0.103720
0.140088,0.173695,0.187982,0.052128,0.188115,0.154275,0.103716
0.140033,0.173744,0.188088,0.051957,0.188271,0.154302,0.103606
0.139988,0.173820,0.188300,0.051672,0.188457,0.154371,0.103393
0.140077,0.173655,0.187985,0.052103,0.188159,0.154320,0.103701
0.140142,0.173499,0.187674,0.052517,0.187892,0.154270,0.104005
0.140307,0.173191,0.187034,0.053393,0.187303,0.154154,0.104616
0.140243,0.173335,0.187276,0.053057,0.187533,0.154169,0.104387
0.140279,0.173263,0.187128,0.053261,0.187391,0.154145,0.104532
0.140336,0.173097,0.186806,0.053683,0.187143,0.154100,0.104835
0.140438,0.172894,0.186364,0.054287,0.186754,0.154004,0.105258
0.140413,0.172907,0.186398,0.054226,0.186822,0.154012,0.105222
0.140502,0.172627,0.185852,0.054948,0.186411,0.153924,0.105736
0.140611,0.172250,0.185124,0.055921,0.185864,0.153804,0.106426
0.140631,0.172195,0.185028,0.056053,0.185780,0.153797,0.106516
0.140570,0.172458,0.185535,0.055386,0.186140,0.153875,0.106037
0.140495,0.172595,0.185836,0.054951,0.186431,0.153949,0.105743
0.140435,0.172690,0.186037,0.054653,0.186640,0.153999,0.105545
0.140353,0.172875,0.186442,0.054098,0.186992,0.154086,0.105154
0.140284,0.173073,0.186840,0.053570,0.187308,0.154152,0.104772
0.140218,0.173252,0.187142,0.053167,0.187561,0.154173,0.104486
0.140240,0.173229,0.187080,0.053259,0.187491,0.154153,0.104548
0.140187,0.173359,0.187327,0.052935,0.187696,0.154183,0.104314
0.140261,0.173205,0.187007,0.053365,0.187425,0.154114,0.104623
0.140266,0.173235,0.187050,0.053322,0.187428,0.154112,0.104586
0.140353,0.173037,0.186640,0.053882,0.187075,0.154033,0.104982
0.140413,0.172935,0.186378,0.054236,0.186851,0.153958,0.105228
0.140410,0.172923,0.186336,0.054293,0.186826,0.153937,0.105275
0.140389,0.172979,0.186445,0.054140,0.186929,0.153951,0.105167
0.140265,0.173261,0.186990,0.053396,0.187407,0.154037,0.104643
0.140242,0.173274,0.187021,0.053337,0.187467,0.154052,0.104607
0.140188,0.173364,0.187245,0.053030,0.187667,0.154118,0.104388
0.140112,0.173532,0.187625,0.052521,0.187991,0.154201,0.104017
0.140123,0.173539,0.187631,0.052524,0.187977,0.154191,0.104015
0.140127,0.173502,0.187565,0.052605,0.187939,0.154184,0.104079
0.140164,0.173366,0.187324,0.052909,0.187773,0.154162,0.104302
0.140171,0.173321,0.187243,0.053003,0.187730,0.154161,0.104371
0.140134,0.173370,0.187351,0.052848,0.187846,0.154185,0.104265
0.140116,0.173379,0.187386,0.052793,0.187890,0.154201,0.104234
0.140160,0.173290,0.187212,0.053036,0.187724,0.154174,0.104404
0.140113,0.173385,0.187401,0.052778,0.187892,0.154213,0.104218
0.140007,0.173575,0.187809,0.052218,0.188270,0.154298,0.103822
0.140048,0.173503,0.187654,0.052427,0.188131,0.154265,0.103972
0.140031,0.173543,0.187707,0.052351,0.188186,0.154262,0.103920
0.139995,0.173597,0.187791,0.052226,0.188293,0.154258,0.103839
0.139967,0.173635,0.187875,0.052111,0.188376,0.154279,0.103758
0.140051,0.173432,0.187503,0.052605,0.188057,0.154238,0.104114
0.140144,0.173261,0.187167,0.053067,0.187742,0.154182,0.104437
0.140177,0.173128,0.186927,0.053372,0.187571,0.154161,0.104664
0.140236,0.173107,0.186878,0.053474,0.187468,0.154113,0.104723
0.140235,0.173154,0.186938,0.053403,0.187511,0.154093,0.104665
0.140232,0.173126,0.186954,0.053387,0.187509,0.154142,0.104651
0.140373,0.172831,0.186359,0.054194,0.186991,0.154034,0.105217
0.140349,0.172873,0.186438,0.054088,0.187058,0.154050,0.105144
0.140341,0.172923,0.186504,0.054005,0.187103,0.154046,0.105077
0.140348,0.172839,0.186372,0.054169,0.187019,0.154045,0.105207
0.140442,0.172627,0.185969,0.054723,0.186667,0.153981,0.105592
0.140545,0.172290,0.185353,0.055552,0.186183,0.153901,0.106176
0.140659,0.172024,0.184813,0.056305,0.185725,0.153784,0.106689
0.140616,0.172104,0.185001,0.056040,0.185891,0.153833,0.106516
0.140677,0.171922,0.184682,0.056473,0.185642,0.153787,0.106817
0.140658,0.172037,0.184873,0.056230,0.185766,0.153793,0.106644
0.140651,0.172034,0.184871,0.056224,0.185778,0.153798,0.106644
0.140908,0.171658,0.184092,0.057449,0.184868,0.153588,0.107437
0.141044,0.171360,0.183572,0.058242,0.184318,0.153504,0.107960
0.141183,0.171029,0.182979,0.059134,0.183728,0.153408,0.108538
0.141189,0.171053,0.183046,0.059050,0.183760,0.153427,0.108475
0.141087,0.171377,0.183643,0.058199,0.184274,0.153517,0.107904
0.141122,0.171230,0.183376,0.058563,0.184077,0.153478,0.108154
0.141120,0.171244,0.183379,0.058550,0.184091,0.153469,0.108147
0.141013,0.171536,0.183896,0.057796,0.184562,0.153547,0.107650
0.140955,0.171713,0.184193,0.057379,0.184816,0.153577,0.107367
0.140927,0.171754,0.184271,0.057257,0.184906,0.153595,0.107290
0.140986,0.171633,0.184030,0.057613,0.184669,0.153543,0.107526
0.140894,0.171887,0.184525,0.056921,0.185076,0.153642,0.107056
0.140855,0.171961,0.184695,0.056671,0.185231,0.153695,0.106892
0.140847,0.172004,0.184787,0.056555,0.185284,0.153713,0.106808
0.140916,0.171904,0.184598,0.056854,0.185056,0.153676,0.106996
0.140835,0.172120,0.185072,0.056198,0.185437,0.153798,0.106540
0.140890,0.171943,0.184764,0.056622,0.185181,0.153766,0.106833
0.140997,0.171604,0.184169,0.057452,0.184688,0.153691,0.107400
0.141137,0.171167,0.183404,0.058536,0.184044,0.153587,0.108125
0.141145,0.171192,0.183462,0.058468,0.184057,0.153604,0.108072
0.141031,0.171530,0.184064,0.057611,0.184559,0.153706,0.107498
0.140988,0.171568,0.184187,0.057409,0.184699,0.153778,0.107371
0.140989,0.171590,0.184225,0.057364,0.184710,0.153789,0.107334
0.140903,0.171847,0.184693,0.056710,0.185108,0.153848,0.106890
0.140919,0.171797,0.184609,0.056827,0.185039,0.153841,0.106968
0.140909,0.171851,0.184709,0.056690,0.185121,0.153852,0.106869
0.140810,0.172135,0.185206,0.055999,0.185545,0.153910,0.106395
0.140821,0.172103,0.185137,0.056094,0.185493,0.153885,0.106466
0.140777,0.172150,0.185247,0.055923,0.185615,0.153930,0.106358
0.140860,0.172009,0.185011,0.056279,0.185356,0.153901,0.106585
0.140921,0.171837,0.184682,0.056737,0.185078,0.153846,0.106899
0.140814,0.172116,0.185240,0.055957,0.185549,0.153963,0.106360
0.140832,0.172095,0.185203,0.056016,0.185508,0.153953,0.106393
0.140802,0.172155,0.185292,0.055880,0.185613,0.153952,0.106306
0.140808,0.172151,0.185252,0.055941,0.185575,0.153923,0.106349
0.140785,0.172202,0.185358,0.055791,0.185672,0.153946,0.106244
0.140758,0.172268,0.185503,0.055594,0.185792,0.153976,0.106110
0.140636,0.172520,0.185998,0.054896,0.186237,0.154079,0.105634
0.140646,0.172483,0.185939,0.054978,0.186189,0.154075,0.105689
0.140615,0.172549,0.186053,0.054813,0.186307,0.154091,0.105573
0.140532,0.172734,0.186379,0.054352,0.186619,0.154122,0.105261
0.140512,0.172738,0.186374,0.054345,0.186644,0.154119,0.105269
0.140492,0.172803,0.186463,0.054221,0.186728,0.154113,0.105181
0.140455,0.172893,0.186629,0.053992,0.186874,0.154138,0.105020
0.140390,0.173029,0.186892,0.053630,0.187114,0.154180,0.104766
0.140348,0.173101,0.187049,0.053409,0.187263,0.154219,0.104610
0.140390,0.173022,0.186920,0.053594,0.187131,0.154207,0.104736
0.140567,0.172728,0.186353,0.054436,0.186503,0.154101,0.105311
0.140607,0.172637,0.186127,0.054742,0.186323,0.154044,0.105520
0.140543,0.172769,0.186386,0.054357,0.186592,0.154096,0.105256
0.140409,0.173115,0.187151,0.053338,0.187200,0.154272,0.104515
0.140300,0.173286,0.187459,0.052889,0.187529,0.154326,0.104211
0.140357,0.173147,0.187218,0.053218,0.187313,0.154304,0.104444
0.140383,0.173162,0.187243,0.053210,0.187282,0.154298,0.104423
0.140398,0.173182,0.187281,0.053190,0.187255,0.154294,0.104400
0.140405,0.173186,0.187305,0.053171,0.187251,0.154301,0.104381
0.140364,0.173249,0.187423,0.052997,0.187381,0.154323,0.104264
0.140377,0.173214,0.187378,0.053056,0.187342,0.154330,0.104303
0.140354,0.173290,0.187506,0.052886,0.187444,0.154342,0.104179
0.140373,0.173228,0.187370,0.053062,0.187344,0.154315,0.104308
0.140360,0.173254,0.187416,0.052996,0.187395,0.154318,0.104260
0.140312,0.173353,0.187598,0.052747,0.187566,0.154341,0.104084
0.140161,0.173579,0.188036,0.052107,0.188057,0.154415,0.103645
0.140185,0.173532,0.187955,0.052217,0.187983,0.154407,0.103721
0.140209,0.173492,0.187874,0.052332,0.187899,0.154393,0.103801
0.140248,0.173412,0.187734,0.052526,0.187764,0.154376,0.103939
0.140304,0.173296,0.187550,0.052783,0.187578,0.154372,0.104117
0.140328,0.173252,0.187477,0.052893,0.187491,0.154366,0.104192
0.140289,0.173325,0.187625,0.052688,0.187627,0.154397,0.104047
0.140240,0.173424,0.187794,0.052452,0.187793,0.154415,0.103882
0.140253,0.173363,0.187687,0.052589,0.187712,0.154410,0.103987
0.140279,0.173312,0.187626,0.052679,0.187636,0.154421,0.104047
0.140251,0.173353,0.187719,0.052547,0.187730,0.154445,0.103956
0.140284,0.173286,0.187605,0.052702,0.187622,0.154438,0.104064
0.140309,0.173225,0.187503,0.052836,0.187542,0.154428,0.104157
0.140312,0.173204,0.187463,0.052886,0.187518,0.154423,0.104195
0.140318,0.173205,0.187492,0.052857,0.187518,0.154441,0.104169
0.140249,0.173341,0.187752,0.052496,0.187767,0.154481,0.103915
0.140207,0.173410,0.187882,0.052307,0.187905,0.154504,0.103785
0.140179,0.173479,0.187987,0.052167,0.188005,0.154496,0.103687
0.140163,0.173528,0.188076,0.052055,0.188076,0.154501,0.103601
0.140217,0.173379,0.187838,0.052368,0.187872,0.154500,0.103827
0.140256,0.173321,0.187750,0.052502,0.187760,0.154496,0.103915
0.140249,0.173319,0.187757,0.052490,0.187765,0.154511,0.103909
0.140369,0.173069,0.187291,0.053126,0.187340,0.154450,0.104355
0.140352,0.173102,0.187350,0.053045,0.187399,0.154453,0.104299
0.140354,0.173104,0.187369,0.053032,0.187394,0.154464,0.104283
0.140325,0.173112,0.187382,0.052987,0.187456,0.154476,0.104261
0.140432,0.172910,0.187026,0.053489,0.187100,0.154437,0.104606
0.140557,0.172670,0.186592,0.054102,0.186673,0.154379,0.105026
0.140615,0.172545,0.186374,0.054414,0.186462,0.154354,0.105236
0.140621,0.172515,0.186326,0.054476,0.186431,0.154354,0.105277
0.140596,0.172561,0.186411,0.054344,0.186522,0.154376,0.105191
0.140565,0.172606,0.186508,0.054193,0.186635,0.154396,0.105097
0.140634,0.172461,0.186252,0.054553,0.186390,0.154365,0.105345
0.140613,0.172524,0.186342,0.054427,0.186478,0.154361,0.105256
0.140507,0.172762,0.186755,0.053850,0.186863,0.154404,0.104859
0.140512,0.172767,0.186765,0.053846,0.186857,0.154400,0.104852
0.140516,0.172763,0.186759,0.053856,0.186845,0.154401,0.104860
0.140537,0.172715,0.186724,0.053915,0.186781,0.154429,0.104898
0.140483,0.172818,0.186934,0.053627,0.186967,0.154474,0.104696
0.140441,0.172861,0.187026,0.053477,0.187093,0.154504,0.104598
0.140468,0.172799,0.186909,0.053632,0.186997,0.154487,0.104708
0.140491,0.172786,0.186856,0.053722,0.186929,0.154456,0.104761
0.140437,0.172883,0.187036,0.053468,0.187103,0.154478,0.104596
0.140433,0.172920,0.187087,0.053405,0.187135,0.154472,0.104547
0.140340,0.173101,0.187431,0.052922,0.187473,0.154524,0.104209
0.140340,0.173100,0.187436,0.052918,0.187468,0.154532,0.104206
0.140306,0.173161,0.187537,0.052774,0.187576,0.154538,0.104108
0.140295,0.173193,0.187588,0.052705,0.187626,0.154537,0.104056
0.140240,0.173291,0.187754,0.052465,0.187809,0.154549,0.103892
0.140196,0.173392,0.187935,0.052226,0.187965,0.154566,0.103720
0.140068,0.173602,0.188331,0.051677,0.188374,0.154608,0.103340
0.140006,0.173717,0.188566,0.051352,0.188601,0.154648,0.103110
0.140019,0.173717,0.188523,0.051424,0.188554,0.154605,0.103158
0.140011,0.173720,0.188529,0.051405,0.188574,0.154611,0.103150
0.139986,0.173755,0.188604,0.051302,0.188648,0.154627,0.103078
0.139952,0.173782,0.188664,0.051204,0.188728,0.154655,0.103015
0.139941,0.173778,0.188674,0.051179,0.188743,0.154682,0.103003
0.139908,0.173848,0.188788,0.051025,0.188853,0.154685,0.102893
0.139851,0.173954,0.188974,0.050765,0.189041,0.154705,0.102709
0.139794,0.174064,0.189170,0.050502,0.189228,0.154722,0.102519
0.139834,0.173979,0.189024,0.050698,0.189083,0.154721,0.102662
0.139793,0.174103,0.189217,0.050454,0.189245,0.154709,0.102478
0.139822,0.174068,0.189134,0.050568,0.189160,0.154689,0.102559
0.139834,0.174038,0.189067,0.050662,0.189099,0.154669,0.102630
0.139709,0.174232,0.189428,0.050154,0.189499,0.154710,0.102269
0.139686,0.174265,0.189512,0.050038,0.189581,0.154734,0.102184
0.139710,0.174237,0.189464,0.050111,0.189518,0.154728,0.102231
0.139664,0.174305,0.189587,0.049942,0.189651,0.154740,0.102112
0.139662,0.174292,0.189572,0.049949,0.189654,0.154752,0.102119
0.139660,0.174300,0.189582,0.049938,0.189663,0.154747,0.102110
0.139634,0.174351,0.189671,0.049818,0.189751,0.154752,0.102024
0.139588,0.174432,0.189826,0.049609,0.189899,0.154772,0.101873
0.139571,0.174443,0.189858,0.049558,0.189948,0.154785,0.101838
0.139593,0.174393,0.189768,0.049673,0.189868,0.154781,0.101925
0.139583,0.174452,0.189860,0.049566,0.189927,0.154774,0.101838
0.139582,0.174456,0.189855,0.049572,0.189927,0.154762,0.101846
0.139545,0.174524,0.189997,0.049387,0.190051,0.154788,0.101707
0.139529,0.174540,0.190028,0.049344,0.190085,0.154796,0.101678
0.139588,0.174426,0.189824,0.049611,0.189891,0.154784,0.101875
0.139628,0.174356,0.189704,0.049772,0.189771,0.154778,0.101991
0.139601,0.174416,0.189814,0.049632,0.189862,0.154788,0.101888
0.139634,0.174369,0.189727,0.049757,0.189760,0.154776,0.101977
0.139577,0.174484,0.189937,0.049481,0.189955,0.154794,0.101772
0.139551,0.174526,0.189997,0.049396,0.190028,0.154789,0.101713
0.139564,0.174510,0.189979,0.049423,0.189997,0.154796,0.101731
0.139601,0.174433,0.189858,0.049583,0.189875,0.154801,0.101849
0.139616,0.174412,0.189832,0.049621,0.189834,0.154809,0.101876
0.139607,0.174418,0.189849,0.049597,0.189854,0.154816,0.101860
0.139576,0.174465,0.189937,0.049475,0.189948,0.154828,0.101772
0.139517,0.174567,0.190122,0.049228,0.190131,0.154845,0.101590
0.139545,0.174516,0.190041,0.049337,0.190045,0.154848,0.101668
0.139561,0.174492,0.190000,0.049393,0.190000,0.154843,0.101710
0.139527,0.174545,0.190099,0.049258,0.190104,0.154854,0.101613
0.139541,0.174523,0.190060,0.049312,0.190060,0.154850,0.101654
0.139555,0.174511,0.190031,0.049355,0.190025,0.154841,0.101682
0.139562,0.174503,0.190015,0.049378,0.190004,0.154839,0.101699
0.139498,0.174593,0.190170,0.049159,0.190183,0.154852,0.101546
0.139421,0.174710,0.190379,0.048876,0.190406,0.154867,0.101342
0.139387,0.174755,0.190465,0.048759,0.190498,0.154878,0.101258
0.139297,0.174901,0.190721,0.048413,0.190771,0.154893,0.101003
0.139305,0.174890,0.190684,0.048462,0.190741,0.154875,0.101042
0.139340,0.174844,0.190602,0.048578,0.190644,0.154865,0.101126
0.139334,0.174860,0.190625,0.048549,0.190667,0.154863,0.101103
0.139320,0.174887,0.190665,0.048495,0.190706,0.154863,0.101064
0.139316,0.174893,0.190679,0.048480,0.190716,0.154864,0.101052
0.139331,0.174876,0.190649,0.048523,0.190680,0.154860,0.101082
0.139357,0.174841,0.190592,0.048608,0.190602,0.154859,0.101141
0.139395,0.174787,0.190506,0.048731,0.190495,0.154858,0.101228
0.139404,0.174789,0.190502,0.048742,0.190481,0.154847,0.101233
0.139386,0.174815,0.190532,0.048697,0.190529,0.154840,0.101203
0.139367,0.174836,0.190569,0.048646,0.190575,0.154843,0.101165
0.139370,0.174834,0.190576,0.048639,0.190571,0.154851,0.101160
0.139372,0.174842,0.190583,0.048632,0.190573,0.154845,0.101153
0.139292,0.174987,0.190878,0.048252,0.190845,0.154883,0.100863
0.139320,0.174934,0.190781,0.048379,0.190751,0.154875,0.100961
0.139299,0.174970,0.190846,0.048291,0.190819,0.154880,0.100895
0.139277,0.175001,0.190890,0.048226,0.190878,0.154878,0.100849
0.139363,0.174885,0.190655,0.048548,0.190625,0.154840,0.101084
0.139423,0.174794,0.190479,0.048788,0.190444,0.154815,0.101259
0.139418,0.174808,0.190525,0.048733,0.190470,0.154832,0.101215
0.139402,0.174852,0.190606,0.048635,0.190529,0.154838,0.101139
0.139385,0.174874,0.190651,0.048571,0.190578,0.154847,0.101093
0.139364,0.174900,0.190706,0.048494,0.190641,0.154858,0.101037
0.139347,0.174918,0.190746,0.048436,0.190690,0.154868,0.100994
0.139341,0.174930,0.190758,0.048417,0.190711,0.154863,0.100980
0.139313,0.174971,0.190829,0.048320,0.190789,0.154868,0.100910
0.139328,0.174946,0.190784,0.048381,0.190742,0.154864,0.100955
0.139350,0.174904,0.190710,0.048479,0.190669,0.154860,0.101028
0.139355,0.174886,0.190690,0.048502,0.190654,0.154869,0.101044
0.139344,0.174892,0.190716,0.048463,0.190686,0.154883,0.101016
0.139352,0.174884,0.190710,0.048474,0.190670,0.154887,0.101022
0.139373,0.174868,0.190685,0.048520,0.190616,0.154885,0.101052
0.139430,0.174777,0.190528,0.048733,0.190450,0.154876,0.101207
0.139410,0.174810,0.190589,0.048652,0.190511,0.154880,0.101147
0.139404,0.174820,0.190612,0.048622,0.190531,0.154885,0.101125
0.139418,0.174793,0.190555,0.048696,0.190477,0.154880,0.101181
0.139405,0.174817,0.190593,0.048644,0.190516,0.154881,0.101144
0.139362,0.174895,0.190730,0.048468,0.190649,0.154884,0.101013
0.139358,0.174910,0.190758,0.048438,0.190666,0.154882,0.100987
0.139369,0.174890,0.190726,0.048479,0.190634,0.154883,0.101018
0.139429,0.174805,0.190572,0.048693,0.190459,0.154870,0.101172
0.139473,0.174730,0.190420,0.048891,0.190317,0.154849,0.101321
0.139525,0.174637,0.190242,0.049123,0.190147,0.154833,0.101494
0.139541,0.174607,0.190189,0.049196,0.190092,0.154829,0.101546
0.139507,0.174675,0.190297,0.049051,0.190200,0.154829,0.101440
0.139617,0.174497,0.189955,0.049507,0.189865,0.154786,0.101773
0.139664,0.174428,0.189797,0.049718,0.189713,0.154755,0.101926
0.139670,0.174423,0.189774,0.049746,0.189696,0.154742,0.101949
0.139573,0.174573,0.190076,0.049340,0.190000,0.154786,0.101653
0.139534,0.174646,0.190225,0.049150,0.190132,0.154805,0.101509
0.139584,0.174566,0.190074,0.049355,0.189977,0.154786,0.101659
0.139595,0.174559,0.190055,0.049382,0.189953,0.154778,0.101677
0.139635,0.174487,0.189910,0.049569,0.189825,0.154758,0.101815
0.139549,0.174610,0.190142,0.049248,0.190078,0.154786,0.101586
0.139524,0.174647,0.190218,0.049146,0.190152,0.154802,0.101512
0.139539,0.174630,0.190147,0.049234,0.190098,0.154774,0.101579
0.139539,0.174619,0.190109,0.049278,0.190079,0.154760,0.101616
0.139500,0.174685,0.190228,0.049116,0.190204,0.154769,0.101497
0.139463,0.174739,0.190323,0.048988,0.190307,0.154774,0.101405
0.139498,0.174689,0.190221,0.049125,0.190204,0.154757,0.101506
0.139473,0.174721,0.190292,0.049026,0.190282,0.154771,0.101435
0.139490,0.174690,0.190233,0.049101,0.190230,0.154766,0.101490
0.139465,0.174724,0.190302,0.049005,0.190305,0.154778,0.101422
0.139429,0.174775,0.190398,0.048876,0.190406,0.154788,0.101328
0.139424,0.174788,0.190425,0.048842,0.190428,0.154791,0.101303
0.139425,0.174807,0.190467,0.048800,0.190444,0.154792,0.101265
0.139484,0.174720,0.190302,0.049024,0.190275,0.154767,0.101428
0.139481,0.174724,0.190306,0.049016,0.190282,0.154768,0.101423
0.139450,0.174772,0.190399,0.048891,0.190375,0.154781,0.101331
0.139416,0.174825,0.190512,0.048744,0.190483,0.154801,0.101221
0.139404,0.174842,0.190549,0.048695,0.190519,0.154807,0.101184
0.139382,0.174870,0.190609,0.048610,0.190588,0.154818,0.101123
0.139367,0.174888,0.190653,0.048550,0.190634,0.154829,0.101078
0.139367,0.174881,0.190651,0.048553,0.190631,0.154837,0.101080
0.139423,0.174815,0.190516,0.048739,0.190474,0.154820,0.101213
0.139454,0.174783,0.190453,0.048829,0.190397,0.154810,0.101274
0.139492,0.174724,0.190306,0.049020,0.190269,0.154770,0.101418
0.139459,0.174778,0.190422,0.048869,0.190376,0.154789,0.101307
0.139512,0.174695,0.190276,0.049069,0.190217,0.154781,0.101450
0.139531,0.174657,0.190193,0.049172,0.190148,0.154769,0.101530
0.139597,0.174551,0.189985,0.049447,0.189948,0.154741,0.101731
0.139564,0.174623,0.190124,0.049278,0.190063,0.154748,0.101600
0.139530,0.174677,0.190233,0.049130,0.190173,0.154764,0.101493
0.139475,0.174757,0.190391,0.048916,0.190336,0.154789,0.101337
0.139495,0.174733,0.190345,0.048980,0.190283,0.154783,0.101381
0.139484,0.174747,0.190390,0.048922,0.190321,0.154799,0.101337
0.139464,0.174779,0.190452,0.048839,0.190384,0.154806,0.101276
0.139475,0.174768,0.190419,0.048882,0.190351,0.154797,0.101309
0.139517,0.174708,0.190309,0.049037,0.190225,0.154783,0.101420
0.139473,0.174784,0.190457,0.048842,0.190365,0.154802,0.101276
0.139464,0.174799,0.190475,0.048814,0.190392,0.154800,0.101256
0.139502,0.174748,0.190373,0.048957,0.190278,0.154784,0.101359
0.139542,0.174691,0.190261,0.049109,0.190159,0.154768,0.101470
0.139584,0.174609,0.190113,0.049304,0.190014,0.154763,0.101613
0.139640,0.174519,0.189958,0.049515,0.189850,0.154754,0.101764
0.139639,0.174549,0.190036,0.049427,0.189887,0.154773,0.101689
0.139642,0.174561,0.190039,0.049424,0.189884,0.154763,0.101686
0.139688,0.174481,0.189866,0.049656,0.189719,0.154733,0.101857
0.139743,0.174382,0.189649,0.049935,0.189530,0.154698,0.102064
0.139670,0.174501,0.189876,0.049634,0.189756,0.154716,0.101847
0.139606,0.174613,0.190090,0.049348,0.189964,0.154740,0.101639
0.139596,0.174614,0.190104,0.049322,0.189993,0.154752,0.101620
0.139618,0.174587,0.190047,0.049399,0.189931,0.154740,0.101676
0.139605,0.174583,0.190039,0.049404,0.189940,0.154745,0.101685
0.139555,0.174655,0.190169,0.049221,0.190085,0.154759,0.101555
0.139532,0.174687,0.190231,0.049134,0.190155,0.154770,0.101490
0.139524,0.174704,0.190243,0.049114,0.190177,0.154760,0.101477
0.139554,0.174649,0.190118,0.049275,0.190068,0.154737,0.101600
0.139593,0.174581,0.189960,0.049473,0.189939,0.154705,0.101749
0.139620,0.174541,0.189867,0.049597,0.189853,0.154683,0.101839
0.139595,0.174590,0.189950,0.049488,0.189931,0.154685,0.101762
0.139633,0.174525,0.189837,0.049643,0.189815,0.154675,0.101872
0.139601,0.174577,0.189978,0.049462,0.189934,0.154712,0.101735
0.139626,0.174553,0.189951,0.049512,0.189882,0.154712,0.101764
0.139623,0.174558,0.189959,0.049501,0.189893,0.154711,0.101755
0.139630,0.174532,0.189899,0.049575,0.189847,0.154701,0.101815
0.139635,0.174537,0.189902,0.049575,0.189840,0.154698,0.101812
0.139618,0.174566,0.189963,0.049496,0.189894,0.154710,0.101753
0.139567,0.174659,0.190152,0.049254,0.190063,0.154731,0.101573
0.139542,0.174707,0.190234,0.049144,0.190149,0.154730,0.101493
0.139525,0.174725,0.190265,0.049095,0.190195,0.154734,0.101460
0.139485,0.174781,0.190385,0.048934,0.190318,0.154756,0.101342
0.139477,0.174806,0.190448,0.048857,0.190361,0.154769,0.101281
0.139511,0.174758,0.190351,0.048993,0.190252,0.154756,0.101380
0.139490,0.174781,0.190393,0.048930,0.190309,0.154760,0.101338
0.139463,0.174821,0.190460,0.048838,0.190382,0.154762,0.101273
0.139458,0.174838,0.190478,0.048813,0.190402,0.154756,0.101256
0.139484,0.174806,0.190412,0.048906,0.190328,0.154742,0.101322
0.139508,0.174777,0.190363,0.048976,0.190267,0.154739,0.101370
0.139531,0.174750,0.190301,0.049062,0.190201,0.154724,0.101431
0.139604,0.174638,0.190075,0.049364,0.189973,0.154694,0.101651
0.139625,0.174612,0.190024,0.049437,0.189917,0.154682,0.101703
0.139539,0.174723,0.190255,0.049116,0.190167,0.154727,0.101473
0.139512,0.174749,0.190303,0.049042,0.190238,0.154734,0.101422
0.139492,0.174779,0.190361,0.048965,0.190297,0.154740,0.101366
0.139515,0.174750,0.190301,0.049045,0.190234,0.154732,0.101423
0.139411,0.174882,0.190557,0.048694,0.190509,0.154776,0.101171
0.139364,0.174942,0.190667,0.048540,0.190635,0.154789,0.101063
0.139396,0.174901,0.190559,0.048680,0.190535,0.154763,0.101168
0.139373,0.174934,0.190627,0.048590,0.190605,0.154769,0.101102
0.139346,0.174980,0.190723,0.048468,0.190690,0.154783,0.101010
0.139350,0.174962,0.190706,0.048487,0.190679,0.154790,0.101025
0.139358,0.174952,0.190689,0.048511,0.190659,0.154789,0.101042
0.139337,0.174974,0.190719,0.048458,0.190714,0.154787,0.101011
0.139281,0.175051,0.190866,0.048255,0.190878,0.154804,0.100866
0.139257,0.175083,0.190934,0.048162,0.190949,0.154819,0.100796
0.139231,0.175112,0.190993,0.048080,0.191020,0.154826,0.100739
0.139231,0.175114,0.190994,0.048080,0.191018,0.154824,0.100738
0.139247,0.175088,0.190947,0.048141,0.190973,0.154820,0.100783
0.139246,0.175099,0.190956,0.048131,0.190981,0.154814,0.100775
0.139282,0.175039,0.190847,0.048277,0.190868,0.154803,0.100884
0.139276,0.175047,0.190877,0.048238,0.190893,0.154817,0.100852
0.139295,0.175022,0.190841,0.048290,0.190845,0.154817,0.100890
0.139304,0.175010,0.190828,0.048311,0.190824,0.154819,0.100903
0.139301,0.175025,0.190852,0.048282,0.190841,0.154820,0.100880
0.139305,0.175021,0.190840,0.048301,0.190825,0.154814,0.100893
0.139314,0.175019,0.190827,0.048322,0.190806,0.154806,0.100907
0.139344,0.174958,0.190716,0.048463,0.190709,0.154797,0.101014
0.139342,0.174975,0.190753,0.048421,0.190730,0.154801,0.100979
0.139301,0.175033,0.190858,0.048279,0.190843,0.154809,0.100877
0.139296,0.175044,0.190870,0.048263,0.190860,0.154805,0.100864
0.139280,0.175072,0.190920,0.048199,0.190907,0.154807,0.100816
0.139299,0.175037,0.190841,0.048296,0.190843,0.154794,0.100890
0.139340,0.174981,0.190713,0.048467,0.190717,0.154765,0.101017
0.139381,0.174918,0.190584,0.048638,0.190590,0.154744,0.101144
0.139395,0.174891,0.190534,0.048699,0.190548,0.154740,0.101192
0.139381,0.174896,0.190526,0.048689,0.190582,0.154731,0.101194
0.139417,0.174836,0.190402,0.048853,0.190466,0.154710,0.101316
0.139438,0.174813,0.190351,0.048921,0.190413,0.154699,0.101365
0.139439,0.174792,0.190300,0.048977,0.190391,0.154688,0.101413
0.139423,0.174819,0.190358,0.048901,0.190445,0.154697,0.101356
0.139478,0.174730,0.190184,0.049131,0.190273,0.154680,0.101524
0.139457,0.174756,0.190248,0.049046,0.190336,0.154696,0.101462
0.139464,0.174753,0.190245,0.049058,0.190321,0.154692,0.101467
0.139458,0.174767,0.190291,0.049003,0.190351,0.154708,0.101422
0.139407,0.174836,0.190451,0.048789,0.190508,0.154745,0.101264
0.139452,0.174760,0.190313,0.048974,0.190367,0.154735,0.101400
0.139478,0.174718,0.190242,0.049072,0.190290,0.154731,0.101469
0.139496,0.174691,0.190197,0.049134,0.190239,0.154731,0.101512
0.139497,0.174666,0.190150,0.049184,0.190217,0.154731,0.101555
0.139545,0.174595,0.190008,0.049375,0.190073,0.154710,0.101695
0.139551,0.174580,0.189968,0.049422,0.190052,0.154695,0.101732
0.139599,0.174513,0.189826,0.049617,0.189903,0.154669,0.101874
0.139650,0.174442,0.189690,0.049808,0.189753,0.154650,0.102008
0.139642,0.174440,0.189681,0.049811,0.189762,0.154649,0.102015
0.139656,0.174424,0.189646,0.049859,0.189726,0.154640,0.102048
0.139662,0.174426,0.189654,0.049859,0.189719,0.154637,0.102045
0.139719,0.174374,0.189540,0.050031,0.189565,0.154609,0.102163
0.139746,0.174338,0.189476,0.050126,0.189483,0.154604,0.102227
0.139674,0.174449,0.189683,0.049840,0.189701,0.154629,0.102024
0.139644,0.174494,0.189759,0.049732,0.189787,0.154636,0.101948
0.139674,0.174444,0.189663,0.049861,0.189695,0.154622,0.102041
0.139680,0.174424,0.189638,0.049891,0.189682,0.154621,0.102063
0.139665,0.174455,0.189688,0.049820,0.189740,0.154621,0.102013
0.139625,0.174519,0.189825,0.049638,0.189867,0.154647,0.101879
0.139621,0.174515,0.189819,0.049641,0.189870,0.154651,0.101884
0.139684,0.174408,0.189608,0.049922,0.189667,0.154623,0.102088
0.139698,0.174378,0.189559,0.049985,0.189623,0.154622,0.102135
0.139676,0.174419,0.189660,0.049853,0.189709,0.154649,0.102035
0.139625,0.174501,0.189817,0.049640,0.189869,0.154668,0.101880
0.139621,0.174512,0.189846,0.049600,0.189895,0.154677,0.101849
0.139619,0.174499,0.189843,0.049602,0.189894,0.154690,0.101853
0.139721,0.174322,0.189445,0.050118,0.189544,0.154612,0.102238
0.139696,0.174377,0.189551,0.049984,0.189634,0.154622,0.102137
0.139665,0.174430,0.189642,0.049859,0.189728,0.154625,0.102049
0.139635,0.174491,0.189741,0.049727,0.189827,0.154628,0.101952
0.139604,0.174554,0.189854,0.049583,0.189927,0.154633,0.101845
0.139585,0.174585,0.189902,0.049514,0.189982,0.154633,0.101798
0.139621,0.174540,0.189813,0.049641,0.189880,0.154618,0.101887
0.139656,0.174493,0.189709,0.049780,0.189780,0.154596,0.101986
0.139668,0.174481,0.189688,0.049814,0.189747,0.154594,0.102008
0.139665,0.174484,0.189700,0.049803,0.189748,0.154602,0.101999
0.139661,0.174503,0.189724,0.049771,0.189772,0.154596,0.101973
0.139560,0.174653,0.190025,0.049363,0.190073,0.154647,0.101679
0.139543,0.174688,0.190080,0.049288,0.190129,0.154648,0.101624
0.139548,0.174671,0.190023,0.049356,0.190094,0.154629,0.101678
0.139787,0.174362,0.189357,0.050282,0.189373,0.154496,0.102343
0.139793,0.174344,0.189311,0.050344,0.189334,0.154482,0.102392
0.139798,0.174343,0.189286,0.050380,0.189304,0.154471,0.102418
0.139725,0.174458,0.189529,0.050053,0.189542,0.154512,0.102182
0.139724,0.174471,0.189553,0.050026,0.189552,0.154513,0.102161
0.139706,0.174498,0.189612,0.049946,0.189611,0.154523,0.102103
0.139711,0.174485,0.189579,0.049984,0.189593,0.154516,0.102133
0.139686,0.174523,0.189652,0.049882,0.189668,0.154529,0.102059
0.139692,0.174513,0.189615,0.049929,0.189640,0.154514,0.102097
0.139645,0.174592,0.189783,0.049712,0.189786,0.154545,0.101937
0.139597,0.174673,0.189965,0.049476,0.189946,0.154583,0.101760
0.139549,0.174734,0.190114,0.049277,0.190093,0.154618,0.101615
0.139559,0.174725,0.190107,0.049295,0.190070,0.154622,0.101623
0.139520,0.174782,0.190221,0.049140,0.190185,0.154641,0.101510
0.139558,0.174740,0.190134,0.049266,0.190079,0.154625,0.101599
0.139560,0.174748,0.190141,0.049263,0.190070,0.154623,0.101596
0.139552,0.174753,0.190125,0.049273,0.190077,0.154610,0.101610
0.139525,0.174797,0.190215,0.049157,0.190163,0.154620,0.101524
0.139488,0.174856,0.190329,0.049003,0.190280,0.154634,0.101410
0.139483,0.174843,0.190279,0.049057,0.190259,0.154622,0.101457
0.139482,0.174845,0.190274,0.049062,0.190253,0.154622,0.101462
0.139442,0.174900,0.190395,0.048897,0.190382,0.154642,0.101342
0.139433,0.174916,0.190419,0.048864,0.190408,0.154643,0.101317
0.139438,0.174899,0.190383,0.048907,0.190382,0.154638,0.101353
0.139448,0.174890,0.190359,0.048939,0.190356,0.154631,0.101376
0.139467,0.174855,0.190269,0.049049,0.190290,0.154608,0.101462
0.139508,0.174791,0.190101,0.049260,0.190147,0.154569,0.101623
0.139511,0.174775,0.190056,0.049313,0.190123,0.154555,0.101667
0.139515,0.174771,0.190052,0.049321,0.190116,0.154555,0.101671
0.139501,0.174793,0.190102,0.049255,0.190162,0.154565,0.101622
0.139458,0.174833,0.190213,0.049096,0.190294,0.154596,0.101509
0.139485,0.174791,0.190145,0.049189,0.190223,0.154591,0.101576
0.139458,0.174841,0.190259,0.049042,0.190323,0.154613,0.101464
0.139472,0.174818,0.190203,0.049117,0.190269,0.154599,0.101523
0.139619,0.174609,0.189756,0.049715,0.189835,0.154508,0.101958
0.139632,0.174584,0.189704,0.049783,0.189794,0.154496,0.102009
0.139579,0.174670,0.189886,0.049539,0.189969,0.154528,0.101828
0.139613,0.174624,0.189791,0.049667,0.189873,0.154512,0.101921
0.139654,0.174566,0.189676,0.049824,0.189757,0.154491,0.102032
0.139749,0.174413,0.189364,0.050237,0.189470,0.154431,0.102335
0.139717,0.174468,0.189497,0.050066,0.189585,0.154459,0.102207
0.139692,0.174522,0.189589,0.049946,0.189666,0.154468,0.102117
0.139692,0.174537,0.189598,0.049935,0.189671,0.154460,0.102106
0.139692,0.174537,0.189591,0.049947,0.189662,0.154454,0.102116
0.139713,0.174513,0.189540,0.050019,0.189605,0.154445,0.102166
0.139745,0.174469,0.189431,0.050165,0.189500,0.154417,0.102274
0.139835,0.174324,0.189118,0.050580,0.189216,0.154349,0.102576
0.139680,0.174563,0.189716,0.049795,0.189746,0.154508,0.101992
0.139637,0.174643,0.189888,0.049572,0.189901,0.154534,0.101826
0.139613,0.174677,0.189963,0.049470,0.189982,0.154541,0.101754
0.139512,0.174805,0.190221,0.049109,0.190262,0.154592,0.101498
0.139503,0.174825,0.190264,0.049054,0.190301,0.154596,0.101456
0.139479,0.174859,0.190343,0.048946,0.190387,0.154610,0.101376
0.139520,0.174798,0.190216,0.049118,0.190257,0.154590,0.101501
0.139498,0.174833,0.190291,0.049021,0.190325,0.154605,0.101428
0.139476,0.174871,0.190361,0.048928,0.190393,0.154611,0.101360
0.139490,0.174850,0.190319,0.048983,0.190352,0.154606,0.101400
0.139536,0.174791,0.190191,0.049155,0.190220,0.154583,0.101524
0.139547,0.174761,0.190111,0.049248,0.190169,0.154564,0.101599
0.139519,0.174790,0.190191,0.049143,0.190250,0.154582,0.101524
0.139558,0.174741,0.190080,0.049293,0.190138,0.154557,0.101633
0.139518,0.174794,0.190177,0.049157,0.190251,0.154565,0.101538
0.139490,0.174829,0.190261,0.049042,0.190337,0.154587,0.101454
0.139433,0.174875,0.190337,0.048907,0.190483,0.154599,0.101366
0.139469,0.174834,0.190269,0.049013,0.190384,0.154592,0.101438
0.139442,0.174898,0.190400,0.048850,0.190492,0.154606,0.101312
0.139421,0.174926,0.190464,0.048764,0.190557,0.154617,0.101250
0.139390,0.174962,0.190532,0.048666,0.190642,0.154627,0.101182
0.139379,0.174973,0.190565,0.048622,0.190675,0.154637,0.101148
0.139329,0.175049,0.190728,0.048410,0.190826,0.154667,0.100990
0.139385,0.174975,0.190564,0.048628,0.190662,0.154636,0.101151
0.139437,0.174901,0.190401,0.048842,0.190506,0.154601,0.101311
0.139477,0.174826,0.190215,0.049065,0.190369,0.154563,0.101485
0.139366,0.174956,0.190512,0.048660,0.190684,0.154631,0.101191
0.139358,0.174963,0.190514,0.048651,0.190702,0.154623,0.101188
0.139400,0.174896,0.190354,0.048855,0.190562,0.154589,0.101343
0.139392,0.174914,0.190405,0.048795,0.190598,0.154601,0.101295
0.139430,0.174866,0.190318,0.048918,0.190499,0.154589,0.101381
0.139465,0.174816,0.190203,0.049065,0.190404,0.154557,0.101490
0.139435,0.174862,0.190314,0.048919,0.190507,0.154581,0.101381
0.139449,0.174864,0.190332,0.048912,0.190490,0.154586,0.101368
0.139453,0.174850,0.190310,0.048938,0.190473,0.154589,0.101388
0.139479,0.174814,0.190237,0.049040,0.190394,0.154574,0.101462
0.139442,0.174884,0.190394,0.048841,0.190528,0.154603,0.101309
0.139416,0.174931,0.190481,0.048727,0.190609,0.154614,0.101224
0.139389,0.174957,0.190521,0.048661,0.190673,0.154615,0.101183
0.139407,0.174930,0.190472,0.048729,0.190617,0.154614,0.101232
0.139397,0.174942,0.190510,0.048678,0.190646,0.154635,0.101193
0.139435,0.174880,0.190382,0.048847,0.190526,0.154610,0.101320
0.139462,0.174839,0.190276,0.048980,0.190438,0.154586,0.101420
0.139476,0.174811,0.190206,0.049068,0.190381,0.154570,0.101488
0.139510,0.174758,0.190083,0.049226,0.190272,0.154543,0.101608
0.139531,0.174736,0.190058,0.049271,0.190224,0.154544,0.101637
0.139482,0.174819,0.190278,0.048995,0.190398,0.154605,0.101423
0.139484,0.174808,0.190268,0.049007,0.190389,0.154613,0.101432
0.139464,0.174848,0.190369,0.048880,0.190471,0.154635,0.101333
0.139456,0.174863,0.190407,0.048832,0.190502,0.154644,0.101296
0.139486,0.174823,0.190331,0.048936,0.190419,0.154633,0.101370
0.139476,0.174825,0.190344,0.048911,0.190449,0.154640,0.101355
0.139515,0.174781,0.190263,0.049032,0.190348,0.154625,0.101435
0.139487,0.174824,0.190371,0.048896,0.190437,0.154654,0.101331
0.139506,0.174780,0.190280,0.049010,0.190362,0.154643,0.101419
0.139509,0.174774,0.190275,0.049015,0.190358,0.154645,0.101424
0.139483,0.174810,0.190350,0.048913,0.190434,0.154659,0.101350
0.139465,0.174831,0.190402,0.048845,0.190482,0.154674,0.101300
0.139445,0.174852,0.190457,0.048771,0.190538,0.154691,0.101247
0.139418,0.174895,0.190542,0.048659,0.190622,0.154701,0.101164
0.139441,0.174876,0.190502,0.048719,0.190568,0.154688,0.101206
0.139431,0.174897,0.190534,0.048680,0.190597,0.154685,0.101176
0.139436,0.174866,0.190478,0.048744,0.190566,0.154685,0.101226
0.139384,0.174969,0.190726,0.048432,0.190762,0.154743,0.100984
0.139362,0.174993,0.190778,0.048366,0.190809,0.154756,0.100935
0.139357,0.174986,0.190776,0.048366,0.190812,0.154765,0.100937
0.139384,0.174955,0.190722,0.048444,0.190741,0.154761,0.100992
0.139351,0.175009,0.190825,0.048309,0.190840,0.154775,0.100891
0.139379,0.174983,0.190772,0.048394,0.190762,0.154765,0.100945
0.139367,0.175008,0.190815,0.048336,0.190807,0.154764,0.100903
0.139327,0.175063,0.190919,0.048193,0.190925,0.154773,0.100799
0.139289,0.175121,0.191044,0.048032,0.191041,0.154795,0.100678
0.139288,0.175129,0.191057,0.048018,0.191048,0.154794,0.100667
0.139282,0.175138,0.191075,0.047994,0.191067,0.154794,0.100649
0.139286,0.175132,0.191053,0.048020,0.191052,0.154788,0.100669
0.139328,0.175080,0.190949,0.048166,0.190930,0.154774,0.100774
0.139367,0.175039,0.190869,0.048281,0.190832,0.154757,0.100854
0.139234,0.175189,0.191141,0.047882,0.191188,0.154792,0.100573
0.139202,0.175225,0.191213,0.047782,0.191273,0.154805,0.100501
0.139209,0.175219,0.191196,0.047805,0.191254,0.154802,0.100517
0.139225,0.175191,0.191146,0.047868,0.191207,0.154800,0.100562
0.139208,0.175214,0.191192,0.047804,0.191257,0.154808,0.100516
0.139235,0.175168,0.191114,0.047905,0.191182,0.154805,0.100591
0.139269,0.175127,0.191041,0.048006,0.191100,0.154795,0.100663
0.139285,0.175101,0.190986,0.048078,0.191044,0.154788,0.100716
0.139306,0.175069,0.190935,0.048148,0.190987,0.154790,0.100765
0.139271,0.175110,0.191018,0.048037,0.191077,0.154802,0.100685
0.139232,0.175163,0.191111,0.047910,0.191180,0.154810,0.100594
0.139191,0.175216,0.191216,0.047770,0.191289,0.154828,0.100491
0.139144,0.175279,0.191338,0.047604,0.191422,0.154844,0.100369
0.139135,0.175300,0.191372,0.047561,0.191453,0.154844,0.100336
0.139107,0.175337,0.191445,0.047463,0.191531,0.154851,0.100265
0.139113,0.175341,0.191446,0.047468,0.191521,0.154843,0.100267
0.139124,0.175318,0.191403,0.047520,0.191486,0.154843,0.100307
0.139199,0.175230,0.191241,0.047749,0.191293,0.154820,0.100468
0.139268,0.175146,0.191077,0.047981,0.191096,0.154801,0.100631
0.139296,0.175111,0.191018,0.048062,0.191026,0.154800,0.100688
0.139305,0.175092,0.190981,0.048106,0.190998,0.154796,0.100722
0.139320,0.175079,0.190952,0.048148,0.190963,0.154789,0.100750
0.139305,0.175094,0.190976,0.048109,0.191004,0.154789,0.100724
0.139266,0.175144,0.191074,0.047974,0.191114,0.154799,0.100628
0.139259,0.175153,0.191085,0.047955,0.191135,0.154798,0.100616
0.139221,0.175202,0.191180,0.047825,0.191239,0.154810,0.100522
0.139295,0.175114,0.191015,0.048058,0.191039,0.154791,0.100687
0.139284,0.175126,0.191042,0.048020,0.191071,0.154798,0.100659
0.139297,0.175102,0.190995,0.048080,0.191024,0.154800,0.100702
0.139314,0.175063,0.190915,0.048180,0.190956,0.154793,0.100780
0.139316,0.175072,0.190935,0.048160,0.190960,0.154796,0.100761
0.139315,0.175085,0.190958,0.048136,0.190973,0.154794,0.100740
0.139323,0.175080,0.190947,0.048153,0.190956,0.154789,0.100751
0.139311,0.175095,0.190961,0.048127,0.190989,0.154784,0.100733
0.139333,0.175059,0.190867,0.048245,0.190909,0.154764,0.100823
0.139361,0.175005,0.190750,0.048390,0.190812,0.154748,0.100933
0.139407,0.174939,0.190624,0.048563,0.190676,0.154735,0.101056
0.139357,0.174996,0.190741,0.048399,0.190810,0.154756,0.100942
