1.000000,0.000000,0.000000,0.000000,0.000000,0.000000,0.000000
0.139034,0.137683,0.137165,0.138339,0.139429,0.147454,0.160896
0.138970,0.137595,0.137071,0.138268,0.139370,0.147522,0.161203
0.138966,0.137588,0.137067,0.138265,0.139365,0.147526,0.161222
0.138970,0.137593,0.137071,0.138272,0.139371,0.147520,0.161204
0.138996,0.137628,0.137109,0.138302,0.139396,0.147491,0.161078
0.138996,0.137630,0.137109,0.138303,0.139396,0.147491,0.161075
0.139003,0.137638,0.137126,0.138314,0.139404,0.147476,0.161037
0.138998,0.137628,0.137114,0.138303,0.139396,0.147487,0.161075
0.139001,0.137631,0.137114,0.138305,0.139398,0.147484,0.161067
0.139017,0.137658,0.137142,0.138330,0.139415,0.147464,0.160973
0.139006,0.137643,0.137128,0.138318,0.139406,0.147474,0.161025
0.139011,0.137648,0.137135,0.138326,0.139412,0.147468,0.161000
0.139059,0.137714,0.137204,0.138379,0.139456,0.147418,0.160771
0.139058,0.137712,0.137202,0.138376,0.139451,0.147420,0.160782
0.139042,0.137691,0.137179,0.138358,0.139438,0.147434,0.160857
0.139056,0.137710,0.137200,0.138378,0.139452,0.147417,0.160785
0.139042,0.137693,0.137189,0.138368,0.139446,0.147426,0.160836
0.139047,0.137700,0.137195,0.138376,0.139451,0.147420,0.160811
0.139047,0.137701,0.137197,0.138379,0.139452,0.147420,0.160803
0.139005,0.137647,0.137143,0.138331,0.139416,0.147462,0.160995
0.138974,0.137602,0.137091,0.138298,0.139387,0.147496,0.161151
0.138987,0.137620,0.137112,0.138314,0.139399,0.147482,0.161087
0.138938,0.137550,0.137038,0.138255,0.139350,0.147535,0.161333
0.138942,0.137559,0.137048,0.138264,0.139359,0.147527,0.161301
0.138949,0.137569,0.137063,0.138275,0.139368,0.147516,0.161259
0.138957,0.137583,0.137073,0.138286,0.139375,0.147509,0.161217
0.138958,0.137589,0.137079,0.138299,0.139382,0.147503,0.161190
0.138959,0.137591,0.137082,0.138299,0.139382,0.147501,0.161186
0.138958,0.137589,0.137077,0.138297,0.139381,0.147506,0.161193
0.138986,0.137624,0.137116,0.138325,0.139404,0.147477,0.161068
0.138986,0.137624,0.137118,0.138323,0.139403,0.147476,0.161069
0.139003,0.137646,0.137142,0.138346,0.139421,0.147456,0.160986
0.138976,0.137611,0.137105,0.138317,0.139395,0.147484,0.161112
0.138967,0.137599,0.137088,0.138306,0.139386,0.147495,0.161160
0.138963,0.137593,0.137086,0.138302,0.139384,0.147498,0.161174
0.138995,0.137637,0.137132,0.138339,0.139414,0.147464,0.161019
0.138993,0.137635,0.137129,0.138338,0.139414,0.147465,0.161025
0.138974,0.137609,0.137102,0.138312,0.139394,0.147487,0.161121
0.138964,0.137594,0.137088,0.138301,0.139385,0.147497,0.161171
0.138972,0.137606,0.137098,0.138313,0.139391,0.147487,0.161132
0.138960,0.137591,0.137083,0.138302,0.139381,0.147499,0.161184
0.138911,0.137522,0.137011,0.138243,0.139334,0.147553,0.161426
0.138902,0.137512,0.137001,0.138240,0.139330,0.147559,0.161455
0.138906,0.137520,0.137012,0.138249,0.139335,0.147552,0.161425
0.138883,0.137490,0.136980,0.138228,0.139318,0.147574,0.161528
0.138860,0.137462,0.136953,0.138209,0.139300,0.147593,0.161621
0.138873,0.137480,0.136969,0.138226,0.139312,0.147580,0.161561
0.138860,0.137459,0.136947,0.138205,0.139297,0.147596,0.161636
0.138869,0.137471,0.136961,0.138215,0.139305,0.147586,0.161592
0.138883,0.137488,0.136979,0.138229,0.139316,0.147572,0.161533
0.138896,0.137507,0.136998,0.138244,0.139327,0.147560,0.161468
0.138927,0.137550,0.137044,0.138280,0.139356,0.147525,0.161318
0.138937,0.137562,0.137055,0.138289,0.139364,0.147516,0.161277
0.138939,0.137563,0.137055,0.138286,0.139361,0.147518,0.161278
0.138938,0.137562,0.137054,0.138287,0.139362,0.147519,0.161279
0.138938,0.137563,0.137056,0.138287,0.139363,0.147517,0.161277
0.138954,0.137583,0.137076,0.138301,0.139376,0.147503,0.161208
0.138978,0.137611,0.137103,0.138318,0.139394,0.147483,0.161113
0.138980,0.137609,0.137100,0.138311,0.139390,0.147486,0.161125
0.138969,0.137596,0.137087,0.138297,0.139380,0.147497,0.161173
0.138967,0.137590,0.137082,0.138296,0.139378,0.147499,0.161188
0.138958,0.137579,0.137069,0.138287,0.139370,0.147508,0.161230
0.138957,0.137578,0.137069,0.138286,0.139369,0.147508,0.161233
0.138951,0.137566,0.137053,0.138271,0.139357,0.147519,0.161283
0.138976,0.137598,0.137089,0.138297,0.139381,0.147493,0.161166
0.138992,0.137621,0.137111,0.138314,0.139395,0.147478,0.161090
0.139002,0.137634,0.137123,0.138324,0.139403,0.147469,0.161045
0.139012,0.137650,0.137140,0.138337,0.139413,0.147459,0.160990
0.139007,0.137642,0.137135,0.138331,0.139410,0.147462,0.161013
0.139020,0.137660,0.137153,0.138346,0.139422,0.147447,0.160951
0.139006,0.137642,0.137132,0.138331,0.139407,0.147462,0.161019
0.138987,0.137613,0.137103,0.138307,0.139387,0.147484,0.161120
0.138934,0.137534,0.137020,0.138237,0.139333,0.147545,0.161397
0.138916,0.137509,0.136994,0.138217,0.139316,0.147562,0.161484
0.138907,0.137494,0.136979,0.138204,0.139307,0.147572,0.161537
0.138893,0.137474,0.136960,0.138189,0.139295,0.147587,0.161603
0.138882,0.137461,0.136946,0.138181,0.139287,0.147596,0.161648
0.138869,0.137441,0.136925,0.138161,0.139273,0.147612,0.161719
0.138867,0.137437,0.136920,0.138154,0.139269,0.147616,0.161737
0.138874,0.137445,0.136928,0.138163,0.139275,0.147609,0.161706
0.138873,0.137443,0.136927,0.138160,0.139274,0.147610,0.161712
0.138871,0.137443,0.136926,0.138162,0.139274,0.147611,0.161714
0.138862,0.137430,0.136913,0.138151,0.139264,0.147622,0.161759
0.138837,0.137396,0.136879,0.138124,0.139244,0.147647,0.161873
0.138847,0.137408,0.136891,0.138133,0.139251,0.147639,0.161832
0.138844,0.137405,0.136888,0.138132,0.139249,0.147641,0.161841
0.138841,0.137403,0.136887,0.138132,0.139249,0.147641,0.161847
0.138852,0.137419,0.136904,0.138147,0.139261,0.147627,0.161789
0.138858,0.137431,0.136916,0.138160,0.139270,0.147617,0.161747
0.138849,0.137421,0.136907,0.138156,0.139264,0.147624,0.161779
0.138850,0.137421,0.136907,0.138154,0.139263,0.147624,0.161781
0.138845,0.137413,0.136899,0.138145,0.139258,0.147632,0.161808
0.138828,0.137391,0.136873,0.138126,0.139242,0.147651,0.161890
0.138808,0.137363,0.136846,0.138100,0.139221,0.147674,0.161988
0.138814,0.137371,0.136850,0.138106,0.139226,0.147670,0.161964
0.138837,0.137403,0.136884,0.138132,0.139248,0.147646,0.161849
0.138831,0.137394,0.136873,0.138123,0.139241,0.147653,0.161885
0.138834,0.137396,0.136877,0.138123,0.139242,0.147652,0.161876
0.138825,0.137386,0.136867,0.138118,0.139237,0.147658,0.161908
0.138811,0.137369,0.136849,0.138107,0.139226,0.147670,0.161968
0.138803,0.137359,0.136840,0.138102,0.139221,0.147676,0.161999
0.138783,0.137333,0.136812,0.138079,0.139202,0.147697,0.162093
0.138777,0.137321,0.136800,0.138070,0.139194,0.147706,0.162132
0.138762,0.137305,0.136785,0.138064,0.139186,0.147714,0.162184
0.138744,0.137273,0.136753,0.138033,0.139163,0.147738,0.162297
0.138758,0.137292,0.136771,0.138046,0.139175,0.147725,0.162234
0.138767,0.137305,0.136784,0.138056,0.139184,0.147716,0.162189
0.138784,0.137329,0.136809,0.138078,0.139200,0.147697,0.162103
0.138779,0.137324,0.136804,0.138072,0.139197,0.147702,0.162122
0.138768,0.137309,0.136787,0.138060,0.139187,0.147714,0.162175
0.138760,0.137297,0.136776,0.138052,0.139179,0.147722,0.162214
0.138757,0.137294,0.136773,0.138051,0.139177,0.147723,0.162225
0.138759,0.137296,0.136777,0.138055,0.139180,0.147720,0.162214
0.138762,0.137303,0.136784,0.138063,0.139185,0.147714,0.162190
0.138774,0.137321,0.136804,0.138081,0.139199,0.147698,0.162123
0.138767,0.137312,0.136796,0.138074,0.139194,0.147703,0.162154
0.138762,0.137304,0.136789,0.138070,0.139188,0.147708,0.162179
0.138760,0.137303,0.136786,0.138071,0.139188,0.147708,0.162184
0.138756,0.137298,0.136782,0.138066,0.139184,0.147712,0.162201
0.138749,0.137288,0.136773,0.138056,0.139177,0.147721,0.162236
0.138739,0.137275,0.136757,0.138047,0.139169,0.147732,0.162281
0.138737,0.137271,0.136753,0.138041,0.139165,0.147734,0.162299
0.138750,0.137288,0.136770,0.138055,0.139176,0.147722,0.162239
0.138773,0.137320,0.136807,0.138082,0.139198,0.147697,0.162124
0.138766,0.137311,0.136794,0.138075,0.139191,0.147703,0.162159
0.138762,0.137308,0.136793,0.138077,0.139191,0.147704,0.162165
0.138773,0.137322,0.136807,0.138087,0.139198,0.147694,0.162120
0.138794,0.137351,0.136837,0.138110,0.139218,0.147672,0.162017
0.138807,0.137367,0.136853,0.138121,0.139228,0.147662,0.161961
0.138800,0.137359,0.136844,0.138116,0.139222,0.147667,0.161992
0.138783,0.137333,0.136816,0.138091,0.139203,0.147689,0.162086
0.138775,0.137320,0.136804,0.138082,0.139195,0.147697,0.162127
0.138764,0.137306,0.136789,0.138070,0.139186,0.147707,0.162178
0.138750,0.137286,0.136768,0.138053,0.139173,0.147722,0.162247
0.138743,0.137273,0.136757,0.138041,0.139166,0.147730,0.162289
0.138736,0.137263,0.136747,0.138031,0.139159,0.147739,0.162326
0.138719,0.137238,0.136719,0.138009,0.139142,0.147759,0.162415
0.138720,0.137240,0.136722,0.138011,0.139144,0.147757,0.162405
0.138722,0.137247,0.136728,0.138018,0.139149,0.147753,0.162382
0.138708,0.137229,0.136709,0.138004,0.139135,0.147768,0.162447
0.138711,0.137232,0.136711,0.138006,0.139138,0.147766,0.162435
0.138730,0.137259,0.136743,0.138029,0.139158,0.147742,0.162339
0.138743,0.137277,0.136760,0.138045,0.139168,0.147728,0.162280
0.138740,0.137274,0.136756,0.138042,0.139166,0.147730,0.162290
0.138757,0.137295,0.136778,0.138059,0.139181,0.147714,0.162216
0.138764,0.137303,0.136786,0.138065,0.139186,0.147709,0.162188
0.138776,0.137323,0.136809,0.138084,0.139202,0.147692,0.162115
0.138767,0.137311,0.136798,0.138077,0.139196,0.147700,0.162152
0.138781,0.137333,0.136819,0.138093,0.139209,0.147684,0.162081
0.138781,0.137333,0.136819,0.138094,0.139210,0.147684,0.162079
0.138795,0.137354,0.136844,0.138114,0.139226,0.147667,0.162000
0.138777,0.137330,0.136818,0.138094,0.139210,0.147685,0.162086
0.138753,0.137297,0.136783,0.138067,0.139187,0.147711,0.162202
0.138748,0.137290,0.136776,0.138063,0.139183,0.147716,0.162224
0.138716,0.137246,0.136730,0.138026,0.139153,0.147750,0.162379
0.138706,0.137229,0.136713,0.138012,0.139142,0.147762,0.162436
0.138690,0.137207,0.136689,0.137991,0.139126,0.147781,0.162516
0.138679,0.137193,0.136670,0.137976,0.139114,0.147796,0.162572
0.138685,0.137200,0.136679,0.137984,0.139120,0.147789,0.162543
0.138670,0.137178,0.136657,0.137966,0.139106,0.147804,0.162619
0.138660,0.137166,0.136644,0.137956,0.139096,0.147815,0.162663
0.138655,0.137158,0.136637,0.137949,0.139092,0.147821,0.162688
0.138677,0.137195,0.136674,0.137982,0.139116,0.147795,0.162562
0.138675,0.137192,0.136672,0.137980,0.139116,0.147796,0.162569
0.138658,0.137168,0.136646,0.137963,0.139100,0.147814,0.162652
0.138663,0.137173,0.136651,0.137965,0.139103,0.147811,0.162633
0.138654,0.137163,0.136641,0.137959,0.139098,0.147818,0.162667
0.138676,0.137194,0.136673,0.137982,0.139118,0.147795,0.162562
0.138672,0.137188,0.136667,0.137979,0.139114,0.147799,0.162582
0.138646,0.137151,0.136629,0.137949,0.139090,0.147826,0.162708
0.138644,0.137149,0.136627,0.137948,0.139089,0.147827,0.162717
0.138644,0.137148,0.136625,0.137945,0.139086,0.147829,0.162723
0.138634,0.137132,0.136609,0.137929,0.139075,0.147841,0.162779
0.138627,0.137123,0.136600,0.137922,0.139069,0.147848,0.162810
0.138638,0.137140,0.136617,0.137938,0.139081,0.147835,0.162750
0.138643,0.137147,0.136626,0.137947,0.139086,0.147828,0.162723
0.138628,0.137125,0.136603,0.137928,0.139072,0.147845,0.162799
0.138628,0.137127,0.136604,0.137930,0.139073,0.147844,0.162793
0.138627,0.137126,0.136607,0.137933,0.139076,0.147841,0.162788
0.138636,0.137140,0.136621,0.137945,0.139085,0.147831,0.162743
0.138647,0.137157,0.136640,0.137960,0.139099,0.147816,0.162680
0.138671,0.137190,0.136676,0.137991,0.139123,0.147788,0.162560
0.138666,0.137181,0.136665,0.137980,0.139114,0.147795,0.162598
0.138649,0.137160,0.136638,0.137958,0.139095,0.147815,0.162685
0.138635,0.137135,0.136617,0.137941,0.139083,0.147832,0.162757
0.138634,0.137134,0.136615,0.137941,0.139082,0.147833,0.162762
0.138626,0.137122,0.136603,0.137931,0.139073,0.147841,0.162804
0.138620,0.137114,0.136594,0.137924,0.139067,0.147848,0.162833
0.138613,0.137104,0.136584,0.137917,0.139061,0.147855,0.162865
0.138612,0.137102,0.136581,0.137912,0.139059,0.147857,0.162876
0.138620,0.137112,0.136594,0.137920,0.139068,0.147849,0.162838
0.138599,0.137082,0.136563,0.137894,0.139047,0.147872,0.162943
0.138599,0.137085,0.136564,0.137899,0.139048,0.147870,0.162936
0.138594,0.137080,0.136560,0.137899,0.139046,0.147872,0.162948
0.138592,0.137082,0.136562,0.137903,0.139048,0.147871,0.162943
0.138590,0.137078,0.136558,0.137901,0.139044,0.147872,0.162957
0.138578,0.137058,0.136541,0.137882,0.139031,0.147888,0.163023
0.138583,0.137067,0.136547,0.137889,0.139036,0.147883,0.162994
0.138570,0.137049,0.136527,0.137873,0.139023,0.147898,0.163060
0.138561,0.137034,0.136512,0.137860,0.139013,0.147908,0.163112
0.138577,0.137057,0.136537,0.137880,0.139031,0.147890,0.163029
0.138577,0.137056,0.136537,0.137881,0.139029,0.147890,0.163031
0.138586,0.137068,0.136549,0.137888,0.139038,0.147881,0.162990
0.138596,0.137082,0.136563,0.137899,0.139047,0.147870,0.162942
0.138632,0.137136,0.136616,0.137942,0.139081,0.147833,0.162760
0.138632,0.137132,0.136613,0.137940,0.139078,0.147835,0.162770
0.138632,0.137134,0.136616,0.137940,0.139079,0.147834,0.162764
0.138615,0.137114,0.136595,0.137929,0.139067,0.147849,0.162832
0.138618,0.137122,0.136604,0.137938,0.139073,0.147841,0.162804
0.138622,0.137128,0.136608,0.137942,0.139078,0.147838,0.162784
0.138626,0.137132,0.136614,0.137948,0.139081,0.147834,0.162764
0.138619,0.137122,0.136602,0.137938,0.139074,0.147842,0.162803
0.138614,0.137115,0.136596,0.137931,0.139068,0.147848,0.162827
0.138642,0.137156,0.136639,0.137965,0.139098,0.147816,0.162684
0.138654,0.137170,0.136651,0.137972,0.139103,0.147808,0.162641
0.138651,0.137163,0.136645,0.137968,0.139101,0.147812,0.162661
0.138639,0.137147,0.136629,0.137955,0.139090,0.147823,0.162717
0.138638,0.137146,0.136628,0.137955,0.139089,0.147824,0.162720
0.138629,0.137134,0.136614,0.137944,0.139080,0.147833,0.162765
0.138629,0.137130,0.136609,0.137939,0.139076,0.147836,0.162781
0.138602,0.137091,0.136572,0.137908,0.139052,0.147864,0.162911
0.138588,0.137073,0.136553,0.137895,0.139041,0.147878,0.162973
0.138590,0.137077,0.136558,0.137900,0.139044,0.147873,0.162958
0.138584,0.137069,0.136549,0.137895,0.139038,0.147879,0.162986
0.138576,0.137058,0.136539,0.137886,0.139032,0.147887,0.163022
0.138587,0.137075,0.136555,0.137899,0.139043,0.147876,0.162964
0.138584,0.137070,0.136550,0.137895,0.139038,0.147880,0.162984
0.138592,0.137081,0.136562,0.137902,0.139045,0.147873,0.162946
0.138583,0.137069,0.136550,0.137895,0.139038,0.147880,0.162985
0.138574,0.137056,0.136536,0.137884,0.139029,0.147890,0.163031
0.138571,0.137054,0.136534,0.137884,0.139028,0.147890,0.163038
0.138579,0.137065,0.136546,0.137895,0.139036,0.147881,0.162997
0.138571,0.137056,0.136537,0.137889,0.139030,0.147889,0.163028
0.138554,0.137034,0.136515,0.137873,0.139016,0.147904,0.163104
0.138545,0.137019,0.136501,0.137863,0.139008,0.147914,0.163151
0.138537,0.137010,0.136491,0.137855,0.139001,0.147920,0.163187
0.138529,0.136999,0.136480,0.137848,0.138995,0.147927,0.163222
0.138523,0.136990,0.136472,0.137842,0.138989,0.147933,0.163251
0.138516,0.136979,0.136462,0.137834,0.138984,0.147940,0.163285
0.138509,0.136970,0.136453,0.137822,0.138976,0.147950,0.163321
0.138490,0.136941,0.136417,0.137792,0.138951,0.147976,0.163432
0.138480,0.136925,0.136401,0.137778,0.138942,0.147988,0.163486
0.138477,0.136921,0.136398,0.137777,0.138939,0.147990,0.163498
0.138478,0.136924,0.136402,0.137781,0.138942,0.147987,0.163487
0.138476,0.136922,0.136400,0.137780,0.138939,0.147989,0.163495
0.138461,0.136899,0.136375,0.137759,0.138923,0.148007,0.163576
0.138464,0.136903,0.136380,0.137764,0.138927,0.148003,0.163559
0.138459,0.136897,0.136374,0.137760,0.138924,0.148007,0.163579
0.138464,0.136905,0.136382,0.137767,0.138929,0.148001,0.163553
0.138457,0.136896,0.136374,0.137762,0.138924,0.148006,0.163580
0.138455,0.136893,0.136370,0.137759,0.138921,0.148009,0.163593
0.138463,0.136902,0.136380,0.137766,0.138928,0.148002,0.163560
0.138461,0.136901,0.136379,0.137764,0.138927,0.148003,0.163565
0.138463,0.136901,0.136379,0.137763,0.138927,0.148002,0.163565
0.138463,0.136902,0.136380,0.137766,0.138928,0.148001,0.163560
0.138464,0.136904,0.136382,0.137766,0.138928,0.148000,0.163555
0.138467,0.136909,0.136387,0.137771,0.138932,0.147997,0.163537
0.138464,0.136903,0.136383,0.137767,0.138929,0.147999,0.163554
0.138463,0.136901,0.136381,0.137767,0.138928,0.148000,0.163560
0.138466,0.136904,0.136383,0.137767,0.138929,0.147998,0.163552
0.138450,0.136878,0.136356,0.137742,0.138911,0.148018,0.163646
0.138441,0.136862,0.136340,0.137728,0.138900,0.148028,0.163701
0.138449,0.136874,0.136352,0.137736,0.138908,0.148020,0.163660
0.138451,0.136878,0.136355,0.137739,0.138909,0.148018,0.163650
0.138439,0.136859,0.136336,0.137725,0.138898,0.148032,0.163712
0.138435,0.136858,0.136335,0.137727,0.138897,0.148032,0.163717
0.138427,0.136849,0.136326,0.137723,0.138891,0.148037,0.163748
0.138420,0.136838,0.136318,0.137716,0.138886,0.148043,0.163780
0.138423,0.136841,0.136321,0.137718,0.138889,0.148040,0.163768
0.138445,0.136872,0.136353,0.137742,0.138909,0.148018,0.163661
0.138460,0.136895,0.136374,0.137761,0.138923,0.148002,0.163585
0.138447,0.136877,0.136358,0.137747,0.138912,0.148014,0.163646
0.138460,0.136897,0.136376,0.137764,0.138924,0.148001,0.163579
0.138458,0.136893,0.136372,0.137760,0.138920,0.148005,0.163593
0.138472,0.136915,0.136395,0.137777,0.138935,0.147989,0.163518
0.138489,0.136939,0.136419,0.137794,0.138948,0.147975,0.163437
0.138562,0.137047,0.136524,0.137867,0.139015,0.147900,0.163084
0.138568,0.137052,0.136532,0.137880,0.139021,0.147891,0.163055
0.138513,0.136970,0.136453,0.137819,0.138970,0.147947,0.163328
0.138514,0.136972,0.136451,0.137821,0.138970,0.147947,0.163324
0.138494,0.136944,0.136422,0.137799,0.138949,0.147968,0.163424
0.138497,0.136948,0.136428,0.137803,0.138954,0.147964,0.163405
0.138543,0.137014,0.136492,0.137853,0.138993,0.147920,0.163184
0.138549,0.137022,0.136499,0.137855,0.138996,0.147917,0.163162
0.138545,0.137016,0.136492,0.137846,0.138990,0.147927,0.163184
0.138570,0.137049,0.136525,0.137872,0.139012,0.147901,0.163071
0.138616,0.137112,0.136593,0.137923,0.139057,0.147851,0.162848
0.138633,0.137138,0.136617,0.137945,0.139072,0.147831,0.162764
0.138626,0.137124,0.136605,0.137938,0.139066,0.147838,0.162802
0.138660,0.137173,0.136653,0.137975,0.139095,0.147803,0.162640
0.138640,0.137143,0.136624,0.137952,0.139079,0.147823,0.162738
0.138616,0.137109,0.136588,0.137923,0.139052,0.147850,0.162862
0.138620,0.137113,0.136592,0.137926,0.139056,0.147847,0.162845
0.138621,0.137114,0.136594,0.137925,0.139056,0.147847,0.162843
0.138612,0.137101,0.136577,0.137910,0.139043,0.147860,0.162896
0.138595,0.137078,0.136554,0.137894,0.139030,0.147877,0.162973
0.138639,0.137138,0.136620,0.137942,0.139072,0.147830,0.162759
0.138659,0.137169,0.136650,0.137969,0.139093,0.147807,0.162653
0.138674,0.137191,0.136673,0.137991,0.139108,0.147790,0.162573
0.138658,0.137172,0.136654,0.137976,0.139098,0.147804,0.162639
0.138636,0.137139,0.136622,0.137952,0.139077,0.147827,0.162748
0.138631,0.137136,0.136618,0.137950,0.139075,0.147828,0.162761
0.138615,0.137110,0.136592,0.137929,0.139057,0.147848,0.162850
0.138593,0.137080,0.136560,0.137904,0.139035,0.147872,0.162957
0.138589,0.137074,0.136556,0.137902,0.139033,0.147873,0.162973
0.138585,0.137068,0.136549,0.137897,0.139029,0.147877,0.162995
0.138577,0.137058,0.136539,0.137890,0.139023,0.147885,0.163028
0.138578,0.137061,0.136547,0.137896,0.139027,0.147881,0.163011
0.138595,0.137085,0.136569,0.137914,0.139044,0.147861,0.162931
0.138608,0.137104,0.136588,0.137930,0.139055,0.147848,0.162866
0.138621,0.137126,0.136611,0.137951,0.139070,0.147831,0.162790
0.138643,0.137158,0.136647,0.137980,0.139095,0.147804,0.162673
0.138642,0.137155,0.136641,0.137976,0.139088,0.147808,0.162690
0.138692,0.137220,0.136708,0.138024,0.139131,0.147761,0.162464
0.138711,0.137247,0.136736,0.138045,0.139149,0.147740,0.162371
0.138729,0.137273,0.136762,0.138068,0.139166,0.147721,0.162281
0.138731,0.137276,0.136766,0.138072,0.139170,0.147717,0.162268
0.138713,0.137249,0.136738,0.138045,0.139151,0.147739,0.162363
0.138698,0.137229,0.136715,0.138028,0.139135,0.147755,0.162439
0.138673,0.137194,0.136680,0.138003,0.139114,0.147780,0.162556
0.138663,0.137179,0.136667,0.137994,0.139106,0.147790,0.162601
0.138646,0.137154,0.136639,0.137969,0.139088,0.147811,0.162694
0.138620,0.137116,0.136595,0.137930,0.139058,0.147845,0.162837
0.138616,0.137108,0.136588,0.137924,0.139054,0.147849,0.162860
0.138627,0.137123,0.136604,0.137936,0.139064,0.147838,0.162809
0.138651,0.137155,0.136637,0.137959,0.139085,0.147815,0.162699
0.138653,0.137156,0.136638,0.137959,0.139084,0.147814,0.162697
0.138636,0.137134,0.136617,0.137937,0.139068,0.147833,0.162776
0.138630,0.137126,0.136608,0.137936,0.139065,0.147837,0.162798
0.138604,0.137092,0.136571,0.137909,0.139042,0.147863,0.162919
0.138588,0.137071,0.136552,0.137895,0.139029,0.147878,0.162986
0.138581,0.137063,0.136544,0.137892,0.139025,0.147882,0.163013
0.138582,0.137064,0.136546,0.137896,0.139027,0.147879,0.163005
0.138591,0.137077,0.136559,0.137904,0.139035,0.147871,0.162962
0.138602,0.137096,0.136576,0.137917,0.139045,0.147860,0.162903
0.138615,0.137114,0.136597,0.137936,0.139060,0.147845,0.162833
0.138593,0.137085,0.136565,0.137911,0.139037,0.147868,0.162940
0.138595,0.137087,0.136569,0.137917,0.139041,0.147865,0.162927
0.138597,0.137092,0.136573,0.137920,0.139043,0.147861,0.162914
0.138604,0.137100,0.136580,0.137925,0.139048,0.147857,0.162887
0.138607,0.137104,0.136585,0.137927,0.139050,0.147854,0.162873
0.138591,0.137083,0.136563,0.137912,0.139038,0.147869,0.162944
0.138608,0.137111,0.136593,0.137937,0.139059,0.147848,0.162843
0.138648,0.137165,0.136649,0.137981,0.139095,0.147807,0.162656
0.138668,0.137192,0.136677,0.138002,0.139111,0.147785,0.162565
0.138671,0.137197,0.136683,0.138007,0.139117,0.147781,0.162544
0.138674,0.137200,0.136684,0.138008,0.139117,0.147780,0.162537
0.138646,0.137161,0.136646,0.137976,0.139093,0.147810,0.162669
0.138649,0.137166,0.136650,0.137980,0.139095,0.147806,0.162653
0.138680,0.137211,0.136698,0.138020,0.139127,0.147770,0.162493
0.138690,0.137224,0.136709,0.138030,0.139133,0.147762,0.162451
0.138684,0.137217,0.136702,0.138021,0.139128,0.147769,0.162477
0.138704,0.137242,0.136728,0.138038,0.139145,0.147752,0.162391
0.138705,0.137245,0.136729,0.138040,0.139146,0.147751,0.162384
0.138707,0.137249,0.136734,0.138046,0.139150,0.147747,0.162367
0.138710,0.137255,0.136738,0.138051,0.139153,0.147743,0.162351
0.138714,0.137260,0.136746,0.138059,0.139159,0.147737,0.162325
0.138736,0.137291,0.136779,0.138084,0.139179,0.147714,0.162218
0.138710,0.137255,0.136741,0.138053,0.139153,0.147742,0.162346
0.138692,0.137230,0.136715,0.138034,0.139138,0.147760,0.162430
0.138669,0.137200,0.136684,0.138012,0.139118,0.147782,0.162536
0.138677,0.137211,0.136695,0.138020,0.139126,0.147775,0.162496
0.138690,0.137231,0.136715,0.138038,0.139137,0.147760,0.162429
0.138689,0.137228,0.136711,0.138035,0.139134,0.147764,0.162438
0.138693,0.137233,0.136716,0.138038,0.139137,0.147760,0.162423
0.138672,0.137204,0.136685,0.138011,0.139115,0.147784,0.162530
0.138667,0.137194,0.136675,0.137999,0.139108,0.147792,0.162564
0.138663,0.137187,0.136669,0.137994,0.139105,0.147796,0.162586
0.138655,0.137175,0.136655,0.137983,0.139095,0.147806,0.162631
0.138652,0.137171,0.136650,0.137980,0.139093,0.147809,0.162646
0.138641,0.137156,0.136636,0.137970,0.139084,0.147820,0.162693
0.138628,0.137138,0.136617,0.137954,0.139072,0.147833,0.162758
0.138627,0.137137,0.136616,0.137954,0.139071,0.147834,0.162761
0.138635,0.137146,0.136624,0.137960,0.139076,0.147828,0.162731
0.138612,0.137114,0.136592,0.137934,0.139056,0.147851,0.162841
0.138617,0.137122,0.136602,0.137943,0.139063,0.147843,0.162810
0.138620,0.137125,0.136605,0.137942,0.139064,0.147841,0.162803
0.138613,0.137117,0.136598,0.137940,0.139061,0.147846,0.162824
0.138605,0.137108,0.136589,0.137934,0.139055,0.147852,0.162857
0.138602,0.137106,0.136581,0.137930,0.139050,0.147857,0.162875
0.138619,0.137128,0.136609,0.137952,0.139068,0.147838,0.162785
0.138595,0.137096,0.136577,0.137928,0.139048,0.147861,0.162894
0.138584,0.137081,0.136562,0.137916,0.139037,0.147872,0.162947
0.138583,0.137079,0.136559,0.137912,0.139035,0.147875,0.162958
0.138580,0.137075,0.136554,0.137910,0.139032,0.147878,0.162971
0.138566,0.137055,0.136534,0.137895,0.139020,0.147892,0.163037
0.138573,0.137065,0.136544,0.137902,0.139026,0.147884,0.163006
0.138562,0.137054,0.136535,0.137898,0.139020,0.147891,0.163039
0.138573,0.137070,0.136554,0.137914,0.139033,0.147875,0.162980
0.138575,0.137070,0.136554,0.137916,0.139033,0.147874,0.162978
0.138572,0.137068,0.136552,0.137914,0.139031,0.147876,0.162987
0.138585,0.137085,0.136568,0.137925,0.139043,0.147864,0.162930
0.138564,0.137056,0.136538,0.137902,0.139023,0.147886,0.163031
0.138551,0.137037,0.136519,0.137886,0.139011,0.147900,0.163096
0.138550,0.137033,0.136515,0.137883,0.139009,0.147903,0.163107
0.138543,0.137024,0.136506,0.137876,0.139003,0.147909,0.163139
0.138541,0.137022,0.136504,0.137871,0.139000,0.147912,0.163150
0.138546,0.137027,0.136509,0.137874,0.139004,0.147908,0.163131
0.138543,0.137022,0.136502,0.137868,0.138997,0.147914,0.163153
0.138542,0.137021,0.136502,0.137868,0.138998,0.147915,0.163155
0.138534,0.137007,0.136486,0.137855,0.138988,0.147925,0.163204
0.138530,0.137002,0.136481,0.137850,0.138985,0.147930,0.163222
0.138535,0.137008,0.136487,0.137853,0.138988,0.147925,0.163204
0.138507,0.136969,0.136446,0.137822,0.138961,0.147955,0.163341
0.138499,0.136956,0.136434,0.137810,0.138953,0.147964,0.163384
0.138505,0.136964,0.136441,0.137814,0.138958,0.147958,0.163360
0.138511,0.136971,0.136447,0.137820,0.138962,0.147954,0.163334
0.138533,0.137000,0.136478,0.137842,0.138981,0.147931,0.163234
0.138546,0.137016,0.136492,0.137852,0.138989,0.147921,0.163184
0.138550,0.137015,0.136491,0.137846,0.138989,0.147923,0.163188
0.138556,0.137024,0.136500,0.137852,0.138995,0.147917,0.163157
0.138564,0.137036,0.136513,0.137860,0.139003,0.147910,0.163115
0.138574,0.137050,0.136527,0.137872,0.139012,0.147898,0.163067
0.138560,0.137033,0.136510,0.137861,0.139002,0.147910,0.163125
0.138560,0.137031,0.136508,0.137861,0.139000,0.147911,0.163129
0.138561,0.137033,0.136509,0.137860,0.138999,0.147911,0.163128
0.138572,0.137048,0.136525,0.137873,0.139010,0.147899,0.163073
0.138554,0.137023,0.136499,0.137853,0.138993,0.147917,0.163160
0.138559,0.137030,0.136506,0.137860,0.138998,0.147911,0.163136
0.138566,0.137038,0.136515,0.137865,0.139002,0.147906,0.163108
0.138566,0.137039,0.136516,0.137865,0.139003,0.147906,0.163104
0.138539,0.137002,0.136477,0.137835,0.138979,0.147934,0.163233
0.138527,0.136986,0.136461,0.137824,0.138968,0.147946,0.163289
0.138525,0.136982,0.136459,0.137822,0.138967,0.147947,0.163298
0.138522,0.136979,0.136455,0.137820,0.138966,0.147949,0.163309
0.138517,0.136972,0.136449,0.137814,0.138961,0.147955,0.163334
0.138523,0.136979,0.136455,0.137818,0.138965,0.147950,0.163311
0.138525,0.136980,0.136456,0.137819,0.138966,0.147948,0.163305
0.138528,0.136983,0.136460,0.137822,0.138968,0.147945,0.163294
0.138533,0.136994,0.136470,0.137831,0.138975,0.147937,0.163259
0.138533,0.136994,0.136472,0.137833,0.138977,0.147936,0.163255
0.138539,0.137003,0.136480,0.137841,0.138982,0.147930,0.163225
0.138547,0.137015,0.136492,0.137846,0.138984,0.147927,0.163190
0.138549,0.137016,0.136489,0.137844,0.138983,0.147928,0.163192
0.138564,0.137036,0.136511,0.137860,0.138998,0.147911,0.163119
0.138567,0.137041,0.136515,0.137867,0.139001,0.147906,0.163101
0.138572,0.137051,0.136527,0.137878,0.139009,0.147898,0.163066
0.138571,0.137051,0.136527,0.137878,0.139008,0.147898,0.163066
0.138570,0.137050,0.136527,0.137879,0.139008,0.147898,0.163069
0.138564,0.137040,0.136516,0.137870,0.139003,0.147905,0.163102
0.138558,0.137031,0.136508,0.137862,0.138997,0.147912,0.163132
0.138557,0.137030,0.136505,0.137861,0.138995,0.147913,0.163138
0.138558,0.137031,0.136507,0.137862,0.138996,0.147913,0.163133
0.138545,0.137015,0.136491,0.137851,0.138986,0.147924,0.163187
0.138535,0.137001,0.136476,0.137839,0.138976,0.147935,0.163239
0.138534,0.137001,0.136477,0.137841,0.138978,0.147934,0.163234
0.138537,0.137010,0.136487,0.137853,0.138985,0.147925,0.163203
0.138537,0.137011,0.136488,0.137856,0.138985,0.147924,0.163200
0.138539,0.137012,0.136491,0.137857,0.138987,0.147922,0.163192
0.138529,0.136997,0.136474,0.137841,0.138974,0.147935,0.163250
0.138509,0.136968,0.136445,0.137817,0.138956,0.147957,0.163348
0.138509,0.136967,0.136443,0.137817,0.138955,0.147958,0.163351
0.138514,0.136976,0.136451,0.137823,0.138960,0.147953,0.163324
0.138504,0.136965,0.136440,0.137816,0.138954,0.147961,0.163360
0.138507,0.136968,0.136443,0.137820,0.138955,0.147958,0.163349
0.138506,0.136968,0.136443,0.137816,0.138953,0.147962,0.163353
0.138501,0.136961,0.136437,0.137813,0.138951,0.147965,0.163372
0.138492,0.136949,0.136423,0.137802,0.138942,0.147975,0.163418
0.138475,0.136922,0.136396,0.137776,0.138922,0.147996,0.163512
0.138468,0.136908,0.136379,0.137761,0.138913,0.148009,0.163563
0.138464,0.136903,0.136374,0.137757,0.138909,0.148013,0.163580
0.138482,0.136928,0.136400,0.137775,0.138926,0.147994,0.163495
0.138500,0.136955,0.136427,0.137799,0.138942,0.147973,0.163404
0.138489,0.136939,0.136412,0.137789,0.138933,0.147984,0.163454
0.138488,0.136937,0.136411,0.137789,0.138934,0.147984,0.163457
0.138490,0.136941,0.136414,0.137792,0.138935,0.147980,0.163447
0.138484,0.136931,0.136404,0.137785,0.138929,0.147987,0.163480
0.138473,0.136916,0.136390,0.137774,0.138920,0.147997,0.163529
0.138468,0.136911,0.136385,0.137772,0.138917,0.148001,0.163546
0.138466,0.136909,0.136384,0.137770,0.138916,0.148002,0.163552
0.138475,0.136922,0.136396,0.137779,0.138923,0.147992,0.163512
0.138475,0.136920,0.136395,0.137779,0.138923,0.147993,0.163515
0.138484,0.136933,0.136410,0.137792,0.138933,0.147981,0.163467
0.138493,0.136946,0.136423,0.137802,0.138941,0.147971,0.163424
0.138486,0.136935,0.136411,0.137793,0.138934,0.147979,0.163462
0.138482,0.136929,0.136405,0.137787,0.138929,0.147984,0.163484
0.138470,0.136911,0.136388,0.137771,0.138919,0.147998,0.163543
0.138509,0.136965,0.136442,0.137813,0.138954,0.147957,0.163360
0.138529,0.136996,0.136473,0.137842,0.138975,0.147933,0.163251
0.138538,0.137009,0.136490,0.137854,0.138985,0.147921,0.163203
0.138524,0.136989,0.136468,0.137840,0.138971,0.147934,0.163274
0.138528,0.136995,0.136475,0.137845,0.138975,0.147930,0.163253
0.138536,0.137005,0.136484,0.137851,0.138981,0.147924,0.163219
0.138545,0.137014,0.136494,0.137857,0.138987,0.147917,0.163186
0.138527,0.136991,0.136471,0.137841,0.138973,0.147932,0.163264
0.138528,0.136994,0.136473,0.137842,0.138974,0.147932,0.163257
0.138540,0.137011,0.136490,0.137857,0.138986,0.147918,0.163197
0.138536,0.137007,0.136488,0.137857,0.138984,0.147921,0.163207
0.138532,0.137002,0.136481,0.137851,0.138979,0.147926,0.163229
0.138541,0.137015,0.136497,0.137859,0.138988,0.147918,0.163183
0.138547,0.137023,0.136504,0.137868,0.138993,0.147911,0.163154
0.138553,0.137031,0.136511,0.137875,0.138998,0.147905,0.163126
0.138581,0.137073,0.136555,0.137909,0.139027,0.147874,0.162982
0.138602,0.137102,0.136584,0.137932,0.139046,0.147852,0.162883
0.138601,0.137099,0.136583,0.137932,0.139046,0.147852,0.162887
0.138594,0.137091,0.136574,0.137925,0.139040,0.147859,0.162917
0.138574,0.137066,0.136546,0.137906,0.139022,0.147879,0.163007
0.138570,0.137060,0.136542,0.137904,0.139020,0.147882,0.163022
0.138569,0.137060,0.136541,0.137903,0.139019,0.147882,0.163025
0.138550,0.137031,0.136514,0.137879,0.139000,0.147904,0.163121
0.138546,0.137028,0.136508,0.137878,0.138998,0.147906,0.163136
0.138546,0.137027,0.136508,0.137878,0.138997,0.147906,0.163137
0.138553,0.137038,0.136519,0.137889,0.139005,0.147898,0.163098
0.138542,0.137023,0.136505,0.137876,0.138995,0.147908,0.163150
0.138550,0.137035,0.136517,0.137888,0.139004,0.147899,0.163108
0.138553,0.137043,0.136524,0.137896,0.139009,0.147894,0.163082
0.138557,0.137049,0.136533,0.137901,0.139015,0.147889,0.163056
0.138549,0.137036,0.136519,0.137890,0.139007,0.147899,0.163101
0.138543,0.137028,0.136510,0.137882,0.139001,0.147905,0.163130
0.138537,0.137018,0.136500,0.137875,0.138995,0.147912,0.163162
0.138541,0.137023,0.136507,0.137878,0.139000,0.147907,0.163145
0.138539,0.137020,0.136504,0.137877,0.138997,0.147909,0.163153
0.138541,0.137024,0.136508,0.137878,0.139000,0.147908,0.163142
0.138539,0.137020,0.136502,0.137874,0.138997,0.147912,0.163156
0.138553,0.137041,0.136523,0.137891,0.139011,0.147897,0.163084
0.138548,0.137034,0.136515,0.137885,0.139005,0.147902,0.163110
0.138555,0.137044,0.136526,0.137893,0.139012,0.147895,0.163076
0.138546,0.137030,0.136512,0.137883,0.139002,0.147905,0.163122
0.138498,0.136957,0.136435,0.137817,0.138951,0.147960,0.163381
0.138492,0.136949,0.136428,0.137812,0.138946,0.147965,0.163408
0.138490,0.136944,0.136421,0.137805,0.138941,0.147969,0.163429
0.138471,0.136916,0.136393,0.137779,0.138921,0.147991,0.163528
0.138456,0.136893,0.136370,0.137760,0.138907,0.148009,0.163604
0.138443,0.136876,0.136351,0.137746,0.138896,0.148023,0.163667
0.138428,0.136856,0.136331,0.137729,0.138881,0.148038,0.163739
0.138425,0.136851,0.136327,0.137728,0.138880,0.148040,0.163749
0.138417,0.136840,0.136314,0.137716,0.138870,0.148050,0.163792
0.138415,0.136835,0.136307,0.137710,0.138865,0.148054,0.163813
0.138416,0.136835,0.136307,0.137708,0.138865,0.148055,0.163814
0.138416,0.136836,0.136311,0.137712,0.138868,0.148053,0.163805
0.138424,0.136850,0.136325,0.137726,0.138878,0.148041,0.163755
0.138415,0.136837,0.136312,0.137716,0.138870,0.148051,0.163799
0.138414,0.136831,0.136306,0.137707,0.138865,0.148056,0.163821
0.138410,0.136826,0.136299,0.137699,0.138859,0.148062,0.163845
0.138408,0.136823,0.136296,0.137698,0.138859,0.148064,0.163852
0.138410,0.136825,0.136297,0.137696,0.138859,0.148064,0.163849
0.138425,0.136844,0.136318,0.137711,0.138872,0.148049,0.163780
0.138421,0.136837,0.136310,0.137706,0.138867,0.148054,0.163805
0.138419,0.136838,0.136310,0.137708,0.138868,0.148054,0.163803
0.138426,0.136847,0.136321,0.137717,0.138875,0.148046,0.163767
0.138447,0.136876,0.136350,0.137740,0.138894,0.148026,0.163667
0.138455,0.136889,0.136364,0.137751,0.138903,0.148016,0.163622
0.138459,0.136896,0.136371,0.137759,0.138907,0.148009,0.163598
0.138456,0.136893,0.136369,0.137758,0.138907,0.148011,0.163606
0.138453,0.136890,0.136367,0.137759,0.138906,0.148012,0.163613
0.138438,0.136870,0.136346,0.137743,0.138892,0.148027,0.163685
0.138460,0.136899,0.136377,0.137766,0.138913,0.148004,0.163581
0.138475,0.136921,0.136401,0.137785,0.138927,0.147986,0.163504
0.138490,0.136941,0.136421,0.137800,0.138941,0.147971,0.163436
0.138487,0.136938,0.136417,0.137798,0.138938,0.147974,0.163447
0.138480,0.136925,0.136403,0.137785,0.138929,0.147985,0.163492
0.138496,0.136949,0.136427,0.137804,0.138943,0.147969,0.163412
0.138496,0.136949,0.136426,0.137803,0.138944,0.147969,0.163413
0.138519,0.136983,0.136462,0.137831,0.138967,0.147943,0.163296
0.138525,0.136990,0.136469,0.137839,0.138972,0.147937,0.163268
0.138508,0.136966,0.136444,0.137819,0.138955,0.147955,0.163353
0.138524,0.136989,0.136469,0.137840,0.138972,0.147936,0.163270
0.138522,0.136988,0.136466,0.137837,0.138969,0.147939,0.163279
0.138519,0.136985,0.136462,0.137836,0.138968,0.147942,0.163288
0.138520,0.136987,0.136465,0.137836,0.138970,0.147941,0.163281
0.138513,0.136976,0.136453,0.137827,0.138961,0.147948,0.163321
0.138521,0.136984,0.136463,0.137834,0.138968,0.147942,0.163289
0.138528,0.136993,0.136470,0.137835,0.138971,0.147937,0.163266
0.138535,0.137004,0.136483,0.137846,0.138980,0.147928,0.163225
0.138538,0.137009,0.136487,0.137853,0.138982,0.147923,0.163208
0.138529,0.136996,0.136475,0.137844,0.138975,0.147932,0.163250
0.138511,0.136972,0.136456,0.137831,0.138963,0.147948,0.163321
0.138487,0.136939,0.136419,0.137800,0.138941,0.147970,0.163443
0.138466,0.136907,0.136388,0.137775,0.138920,0.147993,0.163550
0.138462,0.136900,0.136381,0.137770,0.138918,0.147997,0.163572
0.138451,0.136885,0.136365,0.137756,0.138907,0.148009,0.163628
0.138423,0.136845,0.136323,0.137722,0.138879,0.148040,0.163767
0.138433,0.136858,0.136338,0.137734,0.138889,0.148029,0.163718
0.138447,0.136877,0.136356,0.137748,0.138902,0.148015,0.163655
0.138459,0.136894,0.136373,0.137762,0.138913,0.148003,0.163596
0.138455,0.136889,0.136369,0.137759,0.138910,0.148006,0.163612
0.138468,0.136907,0.136387,0.137773,0.138922,0.147992,0.163550
0.138467,0.136905,0.136386,0.137772,0.138920,0.147993,0.163556
0.138480,0.136922,0.136403,0.137785,0.138931,0.147980,0.163499
0.138458,0.136890,0.136369,0.137754,0.138907,0.148006,0.163615
0.138444,0.136870,0.136349,0.137742,0.138896,0.148019,0.163681
0.138443,0.136873,0.136352,0.137745,0.138896,0.148018,0.163674
0.138431,0.136853,0.136331,0.137728,0.138883,0.148033,0.163741
0.138439,0.136863,0.136342,0.137736,0.138891,0.148024,0.163705
0.138447,0.136873,0.136354,0.137745,0.138898,0.148016,0.163668
0.138459,0.136894,0.136375,0.137764,0.138912,0.148000,0.163596
0.138463,0.136899,0.136379,0.137768,0.138915,0.147996,0.163580
0.138480,0.136922,0.136403,0.137786,0.138930,0.147980,0.163500
0.138483,0.136928,0.136410,0.137791,0.138933,0.147974,0.163480
0.138510,0.136965,0.136449,0.137822,0.138960,0.147946,0.163349
0.138526,0.136987,0.136471,0.137839,0.138972,0.147929,0.163276
0.138569,0.137046,0.136531,0.137886,0.139014,0.147883,0.163071
0.138593,0.137082,0.136567,0.137912,0.139034,0.147859,0.162953
0.138638,0.137140,0.136630,0.137954,0.139075,0.147816,0.162748
0.138627,0.137130,0.136618,0.137946,0.139063,0.147826,0.162790
0.138659,0.137168,0.136658,0.137980,0.139093,0.147792,0.162650
0.138633,0.137131,0.136618,0.137945,0.139065,0.147823,0.162784
0.138609,0.137100,0.136588,0.137927,0.139050,0.147843,0.162884
0.138596,0.137083,0.136571,0.137916,0.139038,0.147854,0.162942
0.138569,0.137046,0.136531,0.137881,0.139012,0.147887,0.163074
0.138575,0.137055,0.136540,0.137889,0.139017,0.147881,0.163044
0.138624,0.137124,0.136611,0.137942,0.139062,0.147831,0.162806
0.138630,0.137133,0.136617,0.137948,0.139068,0.147828,0.162777
0.138626,0.137127,0.136611,0.137946,0.139064,0.147831,0.162795
0.138604,0.137098,0.136583,0.137923,0.139045,0.147853,0.162894
0.138581,0.137068,0.136552,0.137903,0.139026,0.147874,0.162996
0.138587,0.137077,0.136562,0.137911,0.139035,0.147866,0.162962
0.138585,0.137075,0.136561,0.137908,0.139032,0.147868,0.162972
0.138548,0.137023,0.136506,0.137870,0.138997,0.147905,0.163152
0.138543,0.137018,0.136503,0.137869,0.138996,0.147906,0.163164
0.138531,0.137003,0.136488,0.137859,0.138987,0.147918,0.163215
0.138537,0.137010,0.136496,0.137864,0.138993,0.147912,0.163189
0.138573,0.137060,0.136546,0.137904,0.139025,0.147875,0.163016
0.138604,0.137103,0.136591,0.137937,0.139052,0.147842,0.162869
0.138561,0.137041,0.136528,0.137888,0.139013,0.147888,0.163081
0.138564,0.137044,0.136530,0.137889,0.139015,0.147886,0.163072
0.138587,0.137077,0.136564,0.137914,0.139037,0.147861,0.162960
0.138591,0.137081,0.136567,0.137914,0.139036,0.147859,0.162952
0.138568,0.137047,0.136531,0.137887,0.139013,0.147885,0.163071
0.138544,0.137012,0.136497,0.137855,0.138990,0.147911,0.163190
0.138526,0.136984,0.136468,0.137835,0.138972,0.147931,0.163284
0.138504,0.136954,0.136436,0.137809,0.138951,0.147954,0.163392
0.138515,0.136968,0.136450,0.137819,0.138960,0.147943,0.163344
0.138500,0.136946,0.136429,0.137802,0.138946,0.147958,0.163418
0.138523,0.136975,0.136460,0.137823,0.138967,0.147935,0.163317
0.138580,0.137053,0.136539,0.137882,0.139016,0.147878,0.163051
0.138571,0.137040,0.136523,0.137870,0.139004,0.147889,0.163104
0.138541,0.136998,0.136482,0.137837,0.138979,0.147921,0.163242
0.138509,0.136954,0.136436,0.137802,0.138950,0.147955,0.163394
0.138526,0.136976,0.136460,0.137820,0.138965,0.147938,0.163316
0.138532,0.136987,0.136469,0.137828,0.138970,0.147931,0.163282
0.138554,0.137018,0.136500,0.137853,0.138992,0.147910,0.163173
0.138580,0.137056,0.136539,0.137883,0.139018,0.147882,0.163042
