1.000000,0.000000,0.000000,0.000000,0.000000,0.000000,0.000000
0.066281,0.164655,0.213445,0.000000,0.221018,0.334599,0.000000
0.064409,0.165349,0.215677,0.000000,0.220066,0.334500,0.000000
0.062897,0.164681,0.218128,0.000000,0.219208,0.335086,0.000000
0.062686,0.165046,0.218383,0.000000,0.218883,0.335001,0.000000
0.064260,0.163786,0.216655,0.000000,0.220177,0.335122,0.000000
0.065693,0.164486,0.214536,0.000000,0.220594,0.334690,0.000000
0.064790,0.159282,0.218084,0.000000,0.221769,0.336075,0.000000
0.066153,0.156093,0.217463,0.000000,0.222209,0.338082,0.000000
0.064957,0.153831,0.219799,0.000000,0.222229,0.339184,0.000000
0.064706,0.161940,0.217047,0.000000,0.220876,0.335431,0.000000
0.065635,0.159988,0.216687,0.000000,0.221909,0.335781,0.000000
0.065215,0.161362,0.216649,0.000000,0.221745,0.335029,0.000000
0.066013,0.161998,0.215237,0.000000,0.222302,0.334449,0.000000
0.066726,0.158358,0.215906,0.000000,0.222876,0.336135,0.000000
0.065254,0.155955,0.218612,0.000000,0.222907,0.337272,0.000000
0.065908,0.157045,0.217677,0.000000,0.222856,0.336514,0.000000
0.069098,0.156302,0.213649,0.000000,0.224837,0.336113,0.000000
0.068990,0.159802,0.212655,0.000000,0.223850,0.334703,0.000000
0.068145,0.162282,0.212667,0.000000,0.223032,0.333874,0.000000
0.067494,0.166367,0.212112,0.000000,0.221259,0.332768,0.000000
0.065892,0.161815,0.215804,0.000000,0.220990,0.335499,0.000000
0.065643,0.163644,0.215667,0.000000,0.220886,0.334160,0.000000
0.063370,0.158866,0.220557,0.000000,0.220368,0.336839,0.000000
0.062656,0.163361,0.219775,0.000000,0.219296,0.334912,0.000000
0.061686,0.165616,0.220171,0.000000,0.219168,0.333358,0.000000
0.061210,0.168940,0.219344,0.000000,0.218271,0.332236,0.000000
0.060438,0.176990,0.217450,0.000000,0.216241,0.328881,0.000000
0.060876,0.180057,0.215720,0.000000,0.216043,0.327304,0.000000
0.062292,0.179670,0.213826,0.000000,0.216615,0.327597,0.000000
0.063288,0.174639,0.214421,0.000000,0.218066,0.329587,0.000000
0.063263,0.171766,0.215557,0.000000,0.219163,0.330251,0.000000
0.064401,0.170679,0.214500,0.000000,0.219882,0.330538,0.000000
0.064147,0.174883,0.213562,0.000000,0.218534,0.328875,0.000000
0.063631,0.173170,0.214764,0.000000,0.218919,0.329516,0.000000
0.062838,0.172588,0.215895,0.000000,0.218864,0.329816,0.000000
0.063821,0.173630,0.214294,0.000000,0.218603,0.329653,0.000000
0.063770,0.175136,0.213659,0.000000,0.218215,0.329221,0.000000
0.064097,0.175206,0.213470,0.000000,0.218214,0.329014,0.000000
0.064273,0.172369,0.214222,0.000000,0.219093,0.330043,0.000000
0.065070,0.172526,0.213512,0.000000,0.219216,0.329677,0.000000
0.065291,0.173657,0.212830,0.000000,0.219071,0.329152,0.000000
0.063033,0.172527,0.216354,0.000000,0.218386,0.329700,0.000000
0.062664,0.177715,0.214784,0.000000,0.217874,0.326963,0.000000
0.063830,0.182619,0.211599,0.000000,0.217059,0.324892,0.000000
0.062541,0.184428,0.212686,0.000000,0.215984,0.324361,0.000000
0.061233,0.192900,0.211128,0.000000,0.214434,0.320304,0.000000
0.061448,0.194010,0.210480,0.000000,0.214279,0.319784,0.000000
0.060706,0.187314,0.213946,0.000000,0.215313,0.322721,0.000000
0.061569,0.185155,0.213620,0.000000,0.216302,0.323353,0.000000
0.063481,0.180497,0.212759,0.000000,0.218236,0.325027,0.000000
0.065005,0.183717,0.209692,0.000000,0.218523,0.323064,0.000000
0.066955,0.180949,0.208037,0.000000,0.220336,0.323722,0.000000
0.068693,0.178519,0.206702,0.000000,0.221582,0.324504,0.000000
0.068697,0.176130,0.207621,0.000000,0.222103,0.325449,0.000000
0.068644,0.178326,0.206871,0.000000,0.221624,0.324535,0.000000
0.070305,0.177042,0.205218,0.000000,0.222846,0.324588,0.000000
0.070400,0.174967,0.205784,0.000000,0.222678,0.326171,0.000000
0.072707,0.165390,0.206297,0.000000,0.224768,0.330839,0.000000
0.073538,0.157625,0.208173,0.000000,0.226232,0.334432,0.000000
0.073959,0.158540,0.207393,0.000000,0.226215,0.333894,0.000000
0.073649,0.156576,0.208618,0.000000,0.226270,0.334886,0.000000
0.073961,0.155942,0.208515,0.000000,0.226463,0.335119,0.000000
0.073771,0.156084,0.208661,0.000000,0.226676,0.334808,0.000000
0.073619,0.149118,0.211555,0.000000,0.227976,0.337732,0.000000
0.073609,0.147769,0.211926,0.000000,0.228217,0.338479,0.000000
0.073387,0.147764,0.212167,0.000000,0.228053,0.338629,0.000000
0.072919,0.146892,0.212910,0.000000,0.227781,0.339498,0.000000
0.073395,0.152771,0.210096,0.000000,0.227020,0.336718,0.000000
0.073532,0.152169,0.210154,0.000000,0.227175,0.336969,0.000000
0.073631,0.151565,0.210356,0.000000,0.227514,0.336935,0.000000
0.074109,0.150066,0.210484,0.000000,0.227972,0.337368,0.000000
0.073483,0.147246,0.212485,0.000000,0.228127,0.338659,0.000000
0.072421,0.136261,0.218176,0.000000,0.229281,0.343860,0.000000
0.071938,0.133598,0.219875,0.000000,0.229439,0.345150,0.000000
0.071866,0.131053,0.221049,0.000000,0.229708,0.346324,0.000000
0.071749,0.130012,0.221699,0.000000,0.229494,0.347046,0.000000
0.071355,0.132757,0.221159,0.000000,0.228918,0.345811,0.000000
0.071613,0.129610,0.222082,0.000000,0.229377,0.347318,0.000000
0.073147,0.124473,0.221979,0.000000,0.230964,0.349437,0.000000
0.068822,0.127786,0.226432,0.000000,0.228427,0.348533,0.000000
0.068276,0.126185,0.227831,0.000000,0.228286,0.349422,0.000000
0.068126,0.128609,0.227080,0.000000,0.228027,0.348158,0.000000
0.068692,0.130219,0.225769,0.000000,0.228068,0.347253,0.000000
0.068469,0.130729,0.225750,0.000000,0.227564,0.347487,0.000000
0.068749,0.131721,0.225029,0.000000,0.227746,0.346756,0.000000
0.068735,0.131282,0.225398,0.000000,0.227589,0.346995,0.000000
0.068449,0.133372,0.225021,0.000000,0.227051,0.346108,0.000000
0.069527,0.134204,0.223212,0.000000,0.227578,0.345479,0.000000
0.068127,0.137598,0.223801,0.000000,0.226473,0.344001,0.000000
0.067623,0.142616,0.222678,0.000000,0.225355,0.341728,0.000000
0.067583,0.141859,0.223087,0.000000,0.225375,0.342096,0.000000
0.066933,0.141758,0.223765,0.000000,0.225007,0.342538,0.000000
0.066801,0.143683,0.223251,0.000000,0.224559,0.341706,0.000000
0.066835,0.145921,0.222529,0.000000,0.223939,0.340775,0.000000
0.067851,0.145382,0.221177,0.000000,0.224366,0.341223,0.000000
0.068272,0.145728,0.220357,0.000000,0.224629,0.341014,0.000000
0.068498,0.143113,0.221102,0.000000,0.225238,0.342049,0.000000
0.069025,0.141774,0.220999,0.000000,0.225534,0.342668,0.000000
0.068919,0.144101,0.220335,0.000000,0.225013,0.341631,0.000000
0.069204,0.145450,0.219497,0.000000,0.225132,0.340717,0.000000
0.068973,0.148011,0.218923,0.000000,0.224597,0.339497,0.000000
0.067805,0.149385,0.219881,0.000000,0.224151,0.338777,0.000000
0.067051,0.145443,0.222371,0.000000,0.224288,0.340847,0.000000
0.064218,0.152911,0.223371,0.000000,0.222373,0.337127,0.000000
0.063617,0.141527,0.228493,0.000000,0.223963,0.342401,0.000000
0.064327,0.138910,0.228488,0.000000,0.224608,0.343666,0.000000
0.063817,0.139482,0.228691,0.000000,0.223992,0.344018,0.000000
0.064660,0.142394,0.226624,0.000000,0.223861,0.342461,0.000000
0.065195,0.144950,0.225008,0.000000,0.223399,0.341448,0.000000
0.066028,0.145360,0.223814,0.000000,0.223833,0.340965,0.000000
0.065948,0.143614,0.224699,0.000000,0.224194,0.341545,0.000000
0.065093,0.144013,0.225683,0.000000,0.223987,0.341224,0.000000
0.065622,0.143661,0.225155,0.000000,0.224121,0.341441,0.000000
0.065616,0.146753,0.224003,0.000000,0.223635,0.339993,0.000000
0.066377,0.147934,0.222695,0.000000,0.223763,0.339230,0.000000
0.066050,0.147482,0.223356,0.000000,0.223907,0.339205,0.000000
0.066315,0.147744,0.223174,0.000000,0.223842,0.338925,0.000000
0.066677,0.149410,0.222097,0.000000,0.223682,0.338134,0.000000
0.066807,0.150105,0.221766,0.000000,0.223663,0.337658,0.000000
0.066276,0.151222,0.221977,0.000000,0.223063,0.337463,0.000000
0.067091,0.151712,0.220666,0.000000,0.223230,0.337300,0.000000
0.067320,0.146579,0.222272,0.000000,0.224442,0.339387,0.000000
0.068375,0.147395,0.220600,0.000000,0.224609,0.339020,0.000000
0.068302,0.148664,0.220083,0.000000,0.225215,0.337737,0.000000
0.068139,0.147107,0.221175,0.000000,0.225323,0.338256,0.000000
0.066785,0.152647,0.220838,0.000000,0.224217,0.335514,0.000000
0.066941,0.152029,0.220915,0.000000,0.224593,0.335522,0.000000
0.067130,0.152457,0.220255,0.000000,0.224265,0.335894,0.000000
0.068305,0.150334,0.219615,0.000000,0.225138,0.336609,0.000000
0.067535,0.152008,0.220114,0.000000,0.224600,0.335743,0.000000
0.067503,0.148012,0.221743,0.000000,0.225214,0.337528,0.000000
0.067530,0.145755,0.222580,0.000000,0.225298,0.338837,0.000000
0.068247,0.145738,0.221683,0.000000,0.225446,0.338886,0.000000
0.067311,0.143297,0.223826,0.000000,0.225296,0.340271,0.000000
0.067236,0.138270,0.225750,0.000000,0.225935,0.342809,0.000000
0.067295,0.138062,0.225793,0.000000,0.225743,0.343107,0.000000
0.066559,0.134730,0.227940,0.000000,0.226035,0.344736,0.000000
0.068193,0.136678,0.225112,0.000000,0.226072,0.343945,0.000000
0.068008,0.143642,0.222650,0.000000,0.224813,0.340888,0.000000
0.067319,0.146436,0.222517,0.000000,0.224153,0.339575,0.000000
0.069244,0.143219,0.221372,0.000000,0.225097,0.341068,0.000000
0.071454,0.142566,0.218752,0.000000,0.226386,0.340842,0.000000
0.072240,0.140843,0.218713,0.000000,0.226968,0.341236,0.000000
0.076795,0.138570,0.213400,0.000000,0.229395,0.341840,0.000000
0.078440,0.136457,0.212038,0.000000,0.230669,0.342396,0.000000
0.078802,0.133616,0.212602,0.000000,0.231124,0.343855,0.000000
0.078856,0.136893,0.211003,0.000000,0.230095,0.343153,0.000000
0.078158,0.140916,0.210694,0.000000,0.228962,0.341270,0.000000
0.077979,0.140845,0.210674,0.000000,0.229304,0.341198,0.000000
0.077799,0.141908,0.210609,0.000000,0.228607,0.341077,0.000000
0.078347,0.146663,0.208025,0.000000,0.228203,0.338762,0.000000
0.078947,0.145898,0.207665,0.000000,0.228201,0.339289,0.000000
0.078711,0.147247,0.207592,0.000000,0.227703,0.338746,0.000000
0.078358,0.147737,0.207890,0.000000,0.227504,0.338510,0.000000
0.077641,0.147850,0.208978,0.000000,0.226947,0.338583,0.000000
0.078106,0.145843,0.209117,0.000000,0.227325,0.339609,0.000000
0.077371,0.145534,0.210208,0.000000,0.227028,0.339858,0.000000
0.077113,0.143819,0.210829,0.000000,0.227253,0.340985,0.000000
0.078543,0.145775,0.208469,0.000000,0.227637,0.339576,0.000000
0.076827,0.145235,0.211059,0.000000,0.227155,0.339724,0.000000
0.077163,0.146272,0.210259,0.000000,0.227043,0.339263,0.000000
0.077610,0.147612,0.209063,0.000000,0.226801,0.338914,0.000000
0.079279,0.155679,0.203694,0.000000,0.225991,0.335356,0.000000
0.078419,0.156683,0.204345,0.000000,0.225525,0.335028,0.000000
0.078356,0.157905,0.204175,0.000000,0.225192,0.334372,0.000000
0.078814,0.156332,0.204151,0.000000,0.225489,0.335214,0.000000
0.077970,0.158290,0.204505,0.000000,0.224704,0.334532,0.000000
0.077296,0.159816,0.204683,0.000000,0.224301,0.333903,0.000000
0.077400,0.159143,0.204841,0.000000,0.224468,0.334148,0.000000
0.076299,0.157516,0.206828,0.000000,0.224240,0.335117,0.000000
0.075714,0.156781,0.207844,0.000000,0.224166,0.335495,0.000000
0.075530,0.155009,0.208668,0.000000,0.224802,0.335991,0.000000
0.073870,0.150968,0.212304,0.000000,0.225101,0.337756,0.000000
0.072513,0.154696,0.212671,0.000000,0.223750,0.336370,0.000000
0.072473,0.157728,0.211500,0.000000,0.223392,0.334908,0.000000
0.073578,0.157498,0.210414,0.000000,0.223694,0.334816,0.000000
0.073702,0.156294,0.210766,0.000000,0.223554,0.335684,0.000000
0.073807,0.158327,0.209689,0.000000,0.223376,0.334802,0.000000
0.073839,0.157722,0.210013,0.000000,0.223319,0.335108,0.000000
0.074453,0.157223,0.209449,0.000000,0.223435,0.335440,0.000000
0.075948,0.158390,0.206962,0.000000,0.223783,0.334917,0.000000
0.076151,0.159617,0.206310,0.000000,0.223649,0.334272,0.000000
0.077466,0.152389,0.207417,0.000000,0.225097,0.337631,0.000000
0.077537,0.150576,0.207997,0.000000,0.225643,0.338248,0.000000
0.076809,0.151051,0.208821,0.000000,0.225402,0.337917,0.000000
0.077114,0.151604,0.208337,0.000000,0.225536,0.337410,0.000000
0.077337,0.151074,0.208450,0.000000,0.225636,0.337503,0.000000
0.078109,0.150686,0.207674,0.000000,0.225816,0.337714,0.000000
0.078394,0.150443,0.207351,0.000000,0.225893,0.337919,0.000000
0.077510,0.149079,0.209023,0.000000,0.225628,0.338761,0.000000
0.076928,0.146777,0.210491,0.000000,0.225986,0.339817,0.000000
0.075851,0.147077,0.211976,0.000000,0.225357,0.339739,0.000000
0.075061,0.150869,0.211659,0.000000,0.224871,0.337540,0.000000
0.073465,0.155119,0.212160,0.000000,0.223707,0.335549,0.000000
0.071457,0.162160,0.212181,0.000000,0.221801,0.332401,0.000000
0.071669,0.160689,0.212488,0.000000,0.222374,0.332780,0.000000
0.070314,0.158897,0.214809,0.000000,0.221800,0.334179,0.000000
0.070592,0.162105,0.213108,0.000000,0.221184,0.333010,0.000000
0.070064,0.162129,0.213787,0.000000,0.221011,0.333010,0.000000
0.070235,0.155833,0.215956,0.000000,0.222485,0.335492,0.000000
0.071364,0.157179,0.213797,0.000000,0.222779,0.334882,0.000000
0.072363,0.156409,0.213125,0.000000,0.223078,0.335025,0.000000
0.072130,0.154218,0.214299,0.000000,0.223196,0.336157,0.000000
0.070817,0.154373,0.215543,0.000000,0.223298,0.335969,0.000000
0.070878,0.158277,0.213654,0.000000,0.222625,0.334566,0.000000
0.071207,0.156848,0.214044,0.000000,0.223146,0.334755,0.000000
0.072558,0.160196,0.211140,0.000000,0.222906,0.333201,0.000000
0.069852,0.167308,0.212092,0.000000,0.220860,0.329888,0.000000
0.068264,0.170675,0.212638,0.000000,0.220110,0.328313,0.000000
0.066631,0.173886,0.213055,0.000000,0.218324,0.328105,0.000000
0.066476,0.175243,0.213140,0.000000,0.218007,0.327134,0.000000
0.066259,0.172885,0.214399,0.000000,0.218293,0.328165,0.000000
0.067038,0.175486,0.212423,0.000000,0.218085,0.326968,0.000000
0.067431,0.175167,0.211629,0.000000,0.218399,0.327373,0.000000
0.068444,0.169735,0.212639,0.000000,0.219619,0.329563,0.000000
0.068116,0.167181,0.213927,0.000000,0.219848,0.330928,0.000000
0.067391,0.168839,0.214421,0.000000,0.219323,0.330027,0.000000
0.067403,0.168727,0.214460,0.000000,0.219366,0.330044,0.000000
0.066631,0.166512,0.216364,0.000000,0.219422,0.331070,0.000000
0.066178,0.160498,0.219261,0.000000,0.220278,0.333785,0.000000
0.065628,0.160725,0.220113,0.000000,0.219737,0.333797,0.000000
0.065500,0.163891,0.219020,0.000000,0.219048,0.332541,0.000000
0.065565,0.163787,0.219133,0.000000,0.219315,0.332200,0.000000
0.064396,0.165978,0.219791,0.000000,0.218629,0.331206,0.000000
0.063791,0.167116,0.220109,0.000000,0.218015,0.330969,0.000000
0.063601,0.167781,0.219770,0.000000,0.217802,0.331045,0.000000
0.064121,0.167910,0.219300,0.000000,0.218156,0.330513,0.000000
0.064665,0.168662,0.218313,0.000000,0.218284,0.330077,0.000000
0.064900,0.170154,0.217545,0.000000,0.218088,0.329314,0.000000
0.064899,0.167731,0.218604,0.000000,0.218482,0.330285,0.000000
0.063826,0.169610,0.219229,0.000000,0.217811,0.329524,0.000000
0.064004,0.171331,0.218487,0.000000,0.217467,0.328711,0.000000
0.063674,0.176201,0.217140,0.000000,0.216552,0.326433,0.000000
0.062420,0.178695,0.218193,0.000000,0.215522,0.325170,0.000000
0.062494,0.177956,0.218335,0.000000,0.215492,0.325723,0.000000
0.062396,0.176785,0.218898,0.000000,0.215615,0.326307,0.000000
0.061298,0.178330,0.220067,0.000000,0.215009,0.325296,0.000000
0.061286,0.178980,0.219937,0.000000,0.214658,0.325139,0.000000
0.061634,0.177757,0.219935,0.000000,0.214853,0.325821,0.000000
0.061599,0.179837,0.218984,0.000000,0.214170,0.325411,0.000000
0.061137,0.173626,0.221758,0.000000,0.215160,0.328320,0.000000
0.060926,0.169655,0.223542,0.000000,0.215746,0.330131,0.000000
0.059721,0.172815,0.223973,0.000000,0.214945,0.328547,0.000000
0.058567,0.176888,0.223732,0.000000,0.214392,0.326422,0.000000
0.058406,0.177777,0.223845,0.000000,0.214225,0.325747,0.000000
0.058271,0.173120,0.225853,0.000000,0.214741,0.328015,0.000000
0.058271,0.175183,0.225074,0.000000,0.214608,0.326864,0.000000
0.058874,0.175015,0.224267,0.000000,0.214684,0.327160,0.000000
0.058818,0.177017,0.223685,0.000000,0.214395,0.326084,0.000000
0.057571,0.180077,0.224422,0.000000,0.213259,0.324672,0.000000
0.058300,0.179373,0.223761,0.000000,0.213539,0.325027,0.000000
0.058365,0.176879,0.224535,0.000000,0.213943,0.326278,0.000000
0.057274,0.176394,0.226173,0.000000,0.213480,0.326679,0.000000
0.058243,0.172837,0.226346,0.000000,0.214300,0.328274,0.000000
0.058521,0.175668,0.224986,0.000000,0.213959,0.326866,0.000000
0.058995,0.173767,0.224985,0.000000,0.214808,0.327444,0.000000
0.060302,0.175334,0.222794,0.000000,0.214975,0.326596,0.000000
0.061119,0.172804,0.222836,0.000000,0.215813,0.327428,0.000000
0.061495,0.170778,0.223135,0.000000,0.216139,0.328454,0.000000
0.062036,0.166946,0.223772,0.000000,0.217114,0.330131,0.000000
0.061775,0.158081,0.227544,0.000000,0.218501,0.334098,0.000000
0.060540,0.151757,0.231629,0.000000,0.219207,0.336867,0.000000
0.061307,0.151382,0.230663,0.000000,0.219493,0.337155,0.000000
0.062152,0.152262,0.229249,0.000000,0.219807,0.336530,0.000000
0.061837,0.151861,0.229772,0.000000,0.219737,0.336793,0.000000
0.061987,0.158987,0.227360,0.000000,0.218595,0.333071,0.000000
0.061056,0.163370,0.227152,0.000000,0.217664,0.330758,0.000000
0.061132,0.161923,0.227839,0.000000,0.217571,0.331535,0.000000
0.061546,0.160496,0.227690,0.000000,0.218045,0.332224,0.000000
0.062216,0.161075,0.226332,0.000000,0.218309,0.332068,0.000000
0.063437,0.161532,0.224617,0.000000,0.218910,0.331504,0.000000
0.063112,0.162954,0.224705,0.000000,0.218692,0.330537,0.000000
0.062948,0.166039,0.223483,0.000000,0.218226,0.329303,0.000000
0.062770,0.166819,0.223684,0.000000,0.218403,0.328324,0.000000
0.062295,0.171399,0.222236,0.000000,0.217284,0.326786,0.000000
0.063149,0.174446,0.219871,0.000000,0.217241,0.325294,0.000000
0.062459,0.169489,0.221467,0.000000,0.218350,0.328235,0.000000
0.062521,0.171518,0.221003,0.000000,0.218186,0.326773,0.000000
0.061338,0.166746,0.225241,0.000000,0.218283,0.328392,0.000000
0.061138,0.167950,0.224988,0.000000,0.218253,0.327671,0.000000
0.060636,0.166149,0.226757,0.000000,0.218320,0.328138,0.000000
0.061140,0.167006,0.225464,0.000000,0.218237,0.328153,0.000000
0.063027,0.172372,0.220777,0.000000,0.219264,0.324560,0.000000
0.063627,0.172141,0.220084,0.000000,0.219575,0.324572,0.000000
0.063760,0.175055,0.218319,0.000000,0.219414,0.323451,0.000000
0.064918,0.171316,0.218333,0.000000,0.220317,0.325117,0.000000
0.065058,0.167439,0.219165,0.000000,0.221099,0.327240,0.000000
0.064405,0.166989,0.220608,0.000000,0.220446,0.327552,0.000000
0.064520,0.166629,0.220675,0.000000,0.220493,0.327683,0.000000
0.064891,0.164226,0.221153,0.000000,0.221399,0.328331,0.000000
0.061503,0.163994,0.225460,0.000000,0.219925,0.329118,0.000000
0.062057,0.161246,0.226266,0.000000,0.220804,0.329628,0.000000
0.062549,0.161857,0.225381,0.000000,0.220930,0.329282,0.000000
0.063708,0.162366,0.223669,0.000000,0.221178,0.329078,0.000000
0.064396,0.161015,0.223493,0.000000,0.221725,0.329371,0.000000
0.064594,0.160563,0.223337,0.000000,0.221821,0.329685,0.000000
0.065284,0.159370,0.222461,0.000000,0.222391,0.330494,0.000000
0.065836,0.162863,0.220389,0.000000,0.221594,0.329318,0.000000
0.065645,0.168619,0.218644,0.000000,0.220531,0.326562,0.000000
0.063521,0.170705,0.220341,0.000000,0.219054,0.326380,0.000000
0.061846,0.171363,0.222557,0.000000,0.218098,0.326135,0.000000
0.062102,0.172830,0.221869,0.000000,0.218251,0.324947,0.000000
0.061763,0.171218,0.222919,0.000000,0.218603,0.325497,0.000000
0.061779,0.170271,0.223486,0.000000,0.218781,0.325683,0.000000
0.062290,0.169265,0.223346,0.000000,0.219291,0.325808,0.000000
0.063006,0.168598,0.222921,0.000000,0.219180,0.326296,0.000000
0.062545,0.172578,0.221996,0.000000,0.218559,0.324322,0.000000
0.061372,0.172997,0.223202,0.000000,0.217962,0.324466,0.000000
0.062828,0.172585,0.221625,0.000000,0.218427,0.324536,0.000000
0.061912,0.175671,0.221761,0.000000,0.217592,0.323064,0.000000
0.061644,0.181009,0.219982,0.000000,0.217186,0.320179,0.000000
0.060386,0.184361,0.220436,0.000000,0.216537,0.318280,0.000000
0.059665,0.182266,0.222270,0.000000,0.216386,0.319413,0.000000
0.060742,0.176867,0.222372,0.000000,0.217812,0.322206,0.000000
0.060795,0.175952,0.222403,0.000000,0.218405,0.322445,0.000000
0.061727,0.176375,0.221118,0.000000,0.218332,0.322448,0.000000
0.062497,0.176820,0.219933,0.000000,0.218508,0.322242,0.000000
0.063221,0.173732,0.219992,0.000000,0.219308,0.323747,0.000000
0.063213,0.170832,0.221547,0.000000,0.219619,0.324788,0.000000
0.062151,0.174217,0.221699,0.000000,0.218511,0.323423,0.000000
0.061501,0.174643,0.222447,0.000000,0.217893,0.323517,0.000000
0.061898,0.171436,0.222982,0.000000,0.218453,0.325231,0.000000
0.059840,0.161149,0.228899,0.000000,0.219253,0.330859,0.000000
0.060315,0.158633,0.229395,0.000000,0.219967,0.331690,0.000000
0.060902,0.161879,0.227575,0.000000,0.219865,0.329780,0.000000
0.062200,0.159250,0.226563,0.000000,0.221286,0.330701,0.000000
0.061343,0.156284,0.228865,0.000000,0.221711,0.331798,0.000000
0.061039,0.158490,0.228491,0.000000,0.220735,0.331244,0.000000
0.061988,0.160986,0.226392,0.000000,0.220701,0.329933,0.000000
0.060666,0.163318,0.227467,0.000000,0.219781,0.328769,0.000000
0.059426,0.170251,0.226567,0.000000,0.217942,0.325814,0.000000
0.059328,0.171928,0.226107,0.000000,0.217892,0.324746,0.000000
0.059725,0.172594,0.225505,0.000000,0.217854,0.324323,0.000000
0.060851,0.170524,0.224656,0.000000,0.218480,0.325489,0.000000
0.060969,0.175193,0.222471,0.000000,0.218382,0.322985,0.000000
0.060833,0.180212,0.221015,0.000000,0.217252,0.320688,0.000000
0.060403,0.181641,0.221152,0.000000,0.217330,0.319474,0.000000
0.060601,0.184061,0.219997,0.000000,0.216916,0.318424,0.000000
0.060116,0.186647,0.219755,0.000000,0.216164,0.317318,0.000000
0.059717,0.185882,0.220518,0.000000,0.216125,0.317758,0.000000
0.059907,0.184588,0.220691,0.000000,0.216283,0.318532,0.000000
0.059641,0.187090,0.220088,0.000000,0.215490,0.317691,0.000000
0.059994,0.194338,0.216845,0.000000,0.213987,0.314836,0.000000
0.061644,0.191821,0.215464,0.000000,0.215196,0.315876,0.000000
0.062134,0.186932,0.216635,0.000000,0.216408,0.317891,0.000000
0.062122,0.189897,0.215552,0.000000,0.215940,0.316490,0.000000
0.062435,0.186248,0.216513,0.000000,0.216664,0.318140,0.000000
0.061397,0.188752,0.216901,0.000000,0.215660,0.317289,0.000000
0.061839,0.188757,0.216428,0.000000,0.215956,0.317019,0.000000
0.063110,0.193573,0.212853,0.000000,0.215976,0.314488,0.000000
0.063515,0.193159,0.212595,0.000000,0.216284,0.314447,0.000000
0.063598,0.195099,0.211496,0.000000,0.215659,0.314147,0.000000
0.064746,0.191552,0.211001,0.000000,0.216385,0.316316,0.000000
0.065696,0.190165,0.210303,0.000000,0.216664,0.317171,0.000000
0.064696,0.194266,0.210012,0.000000,0.215984,0.315042,0.000000
0.063767,0.196835,0.210401,0.000000,0.215196,0.313802,0.000000
0.064096,0.199484,0.208950,0.000000,0.215140,0.312330,0.000000
0.065425,0.200448,0.206834,0.000000,0.215745,0.311548,0.000000
0.065258,0.199765,0.207690,0.000000,0.215333,0.311955,0.000000
0.064648,0.200981,0.208122,0.000000,0.214497,0.311752,0.000000
0.064456,0.204203,0.207363,0.000000,0.213852,0.310127,0.000000
0.065114,0.204375,0.206211,0.000000,0.214168,0.310132,0.000000
0.065637,0.211117,0.203306,0.000000,0.213701,0.306238,0.000000
0.066111,0.209532,0.203279,0.000000,0.214396,0.306682,0.000000
0.066186,0.208580,0.203550,0.000000,0.214463,0.307222,0.000000
0.067377,0.205088,0.203292,0.000000,0.216052,0.308191,0.000000
0.068341,0.199546,0.204073,0.000000,0.216987,0.311053,0.000000
0.069110,0.197012,0.204113,0.000000,0.217207,0.312558,0.000000
0.069389,0.196138,0.204216,0.000000,0.217415,0.312842,0.000000
0.069481,0.195949,0.204099,0.000000,0.217447,0.313024,0.000000
0.069618,0.198694,0.203156,0.000000,0.216825,0.311706,0.000000
0.068576,0.198034,0.204788,0.000000,0.216503,0.312100,0.000000
0.067218,0.199271,0.206116,0.000000,0.215467,0.311928,0.000000
0.068192,0.195960,0.206102,0.000000,0.216288,0.313459,0.000000
0.067261,0.196568,0.207300,0.000000,0.215667,0.313205,0.000000
0.067705,0.195744,0.206986,0.000000,0.216052,0.313513,0.000000
0.066261,0.193701,0.209491,0.000000,0.215560,0.314988,0.000000
0.065187,0.198112,0.209334,0.000000,0.214580,0.312787,0.000000
0.063786,0.202334,0.209506,0.000000,0.213304,0.311070,0.000000
0.062736,0.198908,0.211913,0.000000,0.213721,0.312721,0.000000
0.062366,0.206380,0.209728,0.000000,0.212085,0.309441,0.000000
0.062276,0.209874,0.208830,0.000000,0.211335,0.307685,0.000000
0.062091,0.211251,0.208637,0.000000,0.211032,0.306989,0.000000
0.062494,0.208593,0.208988,0.000000,0.211816,0.308109,0.000000
0.062472,0.209692,0.208852,0.000000,0.211669,0.307314,0.000000
0.061904,0.210130,0.209473,0.000000,0.211258,0.307235,0.000000
0.062213,0.208478,0.209769,0.000000,0.212009,0.307531,0.000000
0.062785,0.213946,0.206985,0.000000,0.211253,0.305031,0.000000
0.063489,0.215827,0.205770,0.000000,0.211231,0.303683,0.000000
0.065824,0.213656,0.203883,0.000000,0.212202,0.304435,0.000000
0.067984,0.215914,0.200424,0.000000,0.212549,0.303129,0.000000
0.066180,0.210767,0.204214,0.000000,0.212554,0.306285,0.000000
0.064338,0.210883,0.206775,0.000000,0.211878,0.306126,0.000000
0.063784,0.210911,0.207426,0.000000,0.211416,0.306462,0.000000
0.063690,0.208993,0.208225,0.000000,0.211697,0.307395,0.000000
0.062616,0.210468,0.209092,0.000000,0.211006,0.306818,0.000000
0.063924,0.207949,0.208250,0.000000,0.211835,0.308042,0.000000
0.064944,0.203573,0.208494,0.000000,0.213260,0.309729,0.000000
0.064172,0.201885,0.209985,0.000000,0.213758,0.310200,0.000000
0.065921,0.201978,0.207499,0.000000,0.214267,0.310335,0.000000
0.065851,0.198510,0.208999,0.000000,0.214807,0.311833,0.000000
0.067944,0.197531,0.206690,0.000000,0.215385,0.312450,0.000000
0.068748,0.195476,0.206616,0.000000,0.215935,0.313226,0.000000
0.066870,0.196112,0.208967,0.000000,0.215023,0.313029,0.000000
0.065085,0.193540,0.212147,0.000000,0.214875,0.314352,0.000000
0.067197,0.187728,0.211441,0.000000,0.216773,0.316861,0.000000
0.066467,0.188579,0.212128,0.000000,0.216189,0.316637,0.000000
0.068967,0.182979,0.210982,0.000000,0.218090,0.318983,0.000000
0.069245,0.178770,0.212148,0.000000,0.218813,0.321025,0.000000
0.068002,0.167430,0.217525,0.000000,0.220149,0.326893,0.000000
0.068569,0.168230,0.216431,0.000000,0.220406,0.326365,0.000000
0.068196,0.171649,0.215338,0.000000,0.219860,0.324958,0.000000
0.068016,0.169917,0.216328,0.000000,0.220094,0.325645,0.000000
0.067882,0.174029,0.215221,0.000000,0.219157,0.323711,0.000000
0.067643,0.174019,0.215621,0.000000,0.218890,0.323827,0.000000
0.067921,0.173210,0.215605,0.000000,0.219317,0.323946,0.000000
0.067320,0.173390,0.216218,0.000000,0.219407,0.323665,0.000000
0.066166,0.173415,0.217956,0.000000,0.218769,0.323694,0.000000
0.066516,0.174098,0.217319,0.000000,0.218920,0.323147,0.000000
0.066935,0.172205,0.217409,0.000000,0.219490,0.323960,0.000000
0.067193,0.173436,0.216467,0.000000,0.219364,0.323540,0.000000
0.067247,0.174428,0.216164,0.000000,0.219030,0.323132,0.000000
0.067960,0.174502,0.215302,0.000000,0.219306,0.322930,0.000000
0.068488,0.173847,0.214909,0.000000,0.219625,0.323131,0.000000
0.068414,0.174443,0.214831,0.000000,0.219418,0.322894,0.000000
0.068249,0.175181,0.214650,0.000000,0.219039,0.322881,0.000000
0.069283,0.170810,0.215004,0.000000,0.220214,0.324690,0.000000
0.069836,0.167543,0.215471,0.000000,0.220850,0.326299,0.000000
0.070688,0.165223,0.215350,0.000000,0.221332,0.327408,0.000000
0.071647,0.166334,0.213651,0.000000,0.221347,0.327020,0.000000
0.072145,0.170227,0.211674,0.000000,0.220848,0.325106,0.000000
0.073026,0.171220,0.210040,0.000000,0.221569,0.324145,0.000000
0.073003,0.174143,0.208726,0.000000,0.222265,0.321863,0.000000
0.073040,0.175459,0.208297,0.000000,0.222603,0.320601,0.000000
0.074024,0.172269,0.208179,0.000000,0.223451,0.322077,0.000000
0.075063,0.173894,0.206443,0.000000,0.223519,0.321080,0.000000
0.075891,0.177492,0.204174,0.000000,0.223441,0.319002,0.000000
0.075915,0.179379,0.203500,0.000000,0.223044,0.318163,0.000000
0.075636,0.179083,0.203954,0.000000,0.222799,0.318528,0.000000
0.075536,0.178820,0.204214,0.000000,0.222573,0.318857,0.000000
0.074908,0.178854,0.204981,0.000000,0.222274,0.318983,0.000000
0.074348,0.178599,0.205747,0.000000,0.222130,0.319176,0.000000
0.074005,0.178680,0.206111,0.000000,0.222061,0.319143,0.000000
0.074113,0.184444,0.203965,0.000000,0.221028,0.316450,0.000000
0.073350,0.183956,0.205258,0.000000,0.220793,0.316644,0.000000
0.073279,0.185096,0.204883,0.000000,0.220561,0.316180,0.000000
0.074856,0.190813,0.201041,0.000000,0.220299,0.312992,0.000000
0.074682,0.195048,0.199818,0.000000,0.219618,0.310834,0.000000
0.074641,0.192946,0.200770,0.000000,0.220054,0.311588,0.000000
0.073680,0.190651,0.202864,0.000000,0.219988,0.312816,0.000000
0.073043,0.191131,0.203477,0.000000,0.219591,0.312758,0.000000
0.072630,0.191540,0.203793,0.000000,0.219489,0.312548,0.000000
0.073230,0.191546,0.203111,0.000000,0.219652,0.312462,0.000000
0.071325,0.198143,0.202935,0.000000,0.217817,0.309781,0.000000
0.071761,0.199715,0.201887,0.000000,0.218116,0.308520,0.000000
0.071359,0.201229,0.201524,0.000000,0.217479,0.308409,0.000000
0.069916,0.201967,0.202938,0.000000,0.216709,0.308470,0.000000
0.069759,0.200643,0.203928,0.000000,0.216714,0.308956,0.000000
0.069602,0.198562,0.204908,0.000000,0.216666,0.310262,0.000000
0.071809,0.189393,0.205232,0.000000,0.218831,0.314736,0.000000
0.071800,0.191171,0.204593,0.000000,0.218636,0.313801,0.000000
0.069921,0.190623,0.206818,0.000000,0.218219,0.314418,0.000000
0.070283,0.190988,0.206584,0.000000,0.218486,0.313659,0.000000
0.070637,0.191629,0.206102,0.000000,0.218274,0.313359,0.000000
0.070399,0.191071,0.206747,0.000000,0.218339,0.313444,0.000000
0.069425,0.192164,0.207624,0.000000,0.217850,0.312937,0.000000
0.069375,0.191944,0.207912,0.000000,0.217714,0.313056,0.000000
0.070141,0.191600,0.207154,0.000000,0.217900,0.313205,0.000000
0.070509,0.196156,0.205201,0.000000,0.217222,0.310912,0.000000
0.070396,0.198225,0.204600,0.000000,0.216739,0.310040,0.000000
0.068632,0.194181,0.208307,0.000000,0.217059,0.311821,0.000000
0.068611,0.193055,0.208861,0.000000,0.216998,0.312474,0.000000
0.068616,0.192346,0.209238,0.000000,0.217197,0.312602,0.000000
0.069830,0.192985,0.207571,0.000000,0.217416,0.312198,0.000000
0.068664,0.191331,0.209740,0.000000,0.217406,0.312859,0.000000
0.068420,0.188541,0.211017,0.000000,0.217738,0.314284,0.000000
0.066388,0.188781,0.213374,0.000000,0.216685,0.314772,0.000000
0.066257,0.183257,0.215209,0.000000,0.218208,0.317069,0.000000
0.068126,0.187868,0.211092,0.000000,0.218396,0.314519,0.000000
0.068440,0.188686,0.210621,0.000000,0.218818,0.313434,0.000000
0.066369,0.185758,0.214746,0.000000,0.218543,0.314585,0.000000
0.067997,0.187376,0.212080,0.000000,0.218871,0.313676,0.000000
0.068185,0.185030,0.212505,0.000000,0.219111,0.315169,0.000000
0.068899,0.180735,0.213267,0.000000,0.219963,0.317136,0.000000
0.068059,0.182279,0.214162,0.000000,0.219245,0.316254,0.000000
0.067478,0.183555,0.214284,0.000000,0.218858,0.315825,0.000000
0.067735,0.186465,0.212791,0.000000,0.218364,0.314645,0.000000
0.067501,0.193208,0.210775,0.000000,0.217273,0.311243,0.000000
0.067052,0.193784,0.211061,0.000000,0.216873,0.311229,0.000000
0.066305,0.197422,0.210233,0.000000,0.216283,0.309757,0.000000
0.067485,0.196619,0.209325,0.000000,0.216767,0.309804,0.000000
0.068685,0.194977,0.208538,0.000000,0.217494,0.310306,0.000000
0.069215,0.198443,0.206313,0.000000,0.217160,0.308868,0.000000
0.068309,0.195533,0.208046,0.000000,0.217234,0.310879,0.000000
0.068778,0.197360,0.206976,0.000000,0.217211,0.309675,0.000000
0.067815,0.198743,0.207660,0.000000,0.216631,0.309151,0.000000
0.067448,0.202464,0.207024,0.000000,0.215911,0.307153,0.000000
0.067377,0.205611,0.206103,0.000000,0.215457,0.305453,0.000000
0.066517,0.205318,0.207313,0.000000,0.215358,0.305494,0.000000
0.066715,0.206412,0.206678,0.000000,0.215007,0.305188,0.000000
0.067275,0.207024,0.205888,0.000000,0.215158,0.304656,0.000000
0.066640,0.206964,0.206808,0.000000,0.214942,0.304645,0.000000
0.066734,0.211472,0.205116,0.000000,0.214327,0.302352,0.000000
0.066385,0.209680,0.206183,0.000000,0.214220,0.303532,0.000000
0.066194,0.212001,0.205563,0.000000,0.213832,0.302409,0.000000
0.066177,0.216166,0.203929,0.000000,0.213053,0.300675,0.000000
0.066995,0.220711,0.201150,0.000000,0.212304,0.298839,0.000000
0.067298,0.217546,0.201719,0.000000,0.212843,0.300594,0.000000
0.067756,0.215665,0.201944,0.000000,0.213213,0.301422,0.000000
0.066740,0.216198,0.203018,0.000000,0.212790,0.301253,0.000000
0.066411,0.212766,0.204581,0.000000,0.213199,0.303044,0.000000
0.065713,0.212253,0.205653,0.000000,0.212832,0.303549,0.000000
0.065730,0.215405,0.204300,0.000000,0.212021,0.302544,0.000000
0.066478,0.214221,0.203760,0.000000,0.212234,0.303308,0.000000
0.066744,0.216183,0.202709,0.000000,0.212111,0.302252,0.000000
0.065589,0.216404,0.204023,0.000000,0.211745,0.302238,0.000000
0.064501,0.217344,0.205000,0.000000,0.211273,0.301882,0.000000
0.064741,0.216292,0.205376,0.000000,0.211660,0.301932,0.000000
0.062622,0.202097,0.213447,0.000000,0.213270,0.308564,0.000000
0.062464,0.202536,0.213772,0.000000,0.213095,0.308133,0.000000
0.062015,0.195887,0.216818,0.000000,0.214135,0.311145,0.000000
0.061831,0.190923,0.218775,0.000000,0.214803,0.313668,0.000000
0.060727,0.190611,0.220261,0.000000,0.214176,0.314226,0.000000
0.059551,0.193491,0.220641,0.000000,0.213421,0.312896,0.000000
0.056167,0.195982,0.224142,0.000000,0.211813,0.311897,0.000000
0.055035,0.196611,0.225287,0.000000,0.210955,0.312111,0.000000
0.054906,0.194765,0.226068,0.000000,0.211128,0.313134,0.000000
0.055830,0.191532,0.226095,0.000000,0.212234,0.314309,0.000000
0.055154,0.186623,0.228650,0.000000,0.212871,0.316702,0.000000
0.055170,0.190895,0.227091,0.000000,0.212147,0.314697,0.000000
0.055516,0.196720,0.224628,0.000000,0.211133,0.312002,0.000000
0.054451,0.197079,0.225930,0.000000,0.210473,0.312067,0.000000
0.053826,0.190466,0.229041,0.000000,0.211355,0.315311,0.000000
0.052969,0.188879,0.230758,0.000000,0.211119,0.316275,0.000000
0.052236,0.189856,0.231120,0.000000,0.210480,0.316308,0.000000
0.051353,0.186150,0.233301,0.000000,0.210643,0.318553,0.000000
0.052387,0.184863,0.232486,0.000000,0.211249,0.319015,0.000000
0.052436,0.180555,0.234208,0.000000,0.212153,0.320648,0.000000
0.052519,0.185609,0.232298,0.000000,0.211298,0.318276,0.000000
0.052562,0.187831,0.231230,0.000000,0.211098,0.317279,0.000000
0.053033,0.189699,0.229881,0.000000,0.211025,0.316361,0.000000
0.053699,0.189729,0.228998,0.000000,0.211318,0.316256,0.000000
0.054076,0.190178,0.228610,0.000000,0.211376,0.315760,0.000000
0.055036,0.192476,0.226548,0.000000,0.211318,0.314623,0.000000
0.055142,0.197234,0.224618,0.000000,0.210537,0.312468,0.000000
0.055302,0.197911,0.224550,0.000000,0.210142,0.312095,0.000000
0.056606,0.196220,0.223260,0.000000,0.211112,0.312802,0.000000
0.056803,0.194014,0.224071,0.000000,0.211775,0.313337,0.000000
0.057130,0.194196,0.223528,0.000000,0.211634,0.313511,0.000000
0.056910,0.195615,0.223149,0.000000,0.211477,0.312849,0.000000
0.055722,0.189926,0.226469,0.000000,0.211830,0.316053,0.000000
0.056346,0.192103,0.224817,0.000000,0.212224,0.314510,0.000000
0.056439,0.193614,0.224128,0.000000,0.212001,0.313817,0.000000
0.057080,0.193558,0.223101,0.000000,0.212678,0.313583,0.000000
0.057930,0.193742,0.222089,0.000000,0.213057,0.313181,0.000000
0.057325,0.193246,0.223310,0.000000,0.212804,0.313315,0.000000
0.056082,0.194502,0.224356,0.000000,0.212210,0.312850,0.000000
0.056401,0.195103,0.223593,0.000000,0.212127,0.312776,0.000000
0.056919,0.198379,0.221553,0.000000,0.211889,0.311261,0.000000
0.056707,0.199048,0.221443,0.000000,0.211853,0.310949,0.000000
0.057722,0.196274,0.221437,0.000000,0.212549,0.312019,0.000000
0.059511,0.192189,0.220556,0.000000,0.213713,0.314031,0.000000
0.060543,0.187905,0.220821,0.000000,0.214752,0.315979,0.000000
0.060496,0.188672,0.220440,0.000000,0.214940,0.315451,0.000000
0.062563,0.190622,0.217367,0.000000,0.215657,0.313791,0.000000
0.064133,0.189198,0.216163,0.000000,0.216281,0.314225,0.000000
0.062399,0.188968,0.218444,0.000000,0.214698,0.315490,0.000000
0.061430,0.185837,0.221014,0.000000,0.214311,0.317407,0.000000
0.060631,0.182779,0.223261,0.000000,0.214262,0.319067,0.000000
0.061350,0.181494,0.223009,0.000000,0.214461,0.319686,0.000000
0.061493,0.181330,0.222968,0.000000,0.214514,0.319695,0.000000
0.061072,0.179422,0.224249,0.000000,0.214446,0.320811,0.000000
0.062405,0.178554,0.222951,0.000000,0.215152,0.320939,0.000000
0.063338,0.177031,0.222199,0.000000,0.215761,0.321671,0.000000
0.064440,0.178500,0.220044,0.000000,0.215834,0.321181,0.000000
0.065404,0.177706,0.219274,0.000000,0.216217,0.321399,0.000000
0.066372,0.175584,0.218806,0.000000,0.216952,0.322285,0.000000
0.067431,0.175782,0.217537,0.000000,0.217398,0.321852,0.000000
0.069429,0.172799,0.216270,0.000000,0.218533,0.322969,0.000000
0.070056,0.167726,0.217468,0.000000,0.219639,0.325111,0.000000
0.069097,0.171126,0.217831,0.000000,0.218638,0.323307,0.000000
0.068860,0.178737,0.215261,0.000000,0.217378,0.319764,0.000000
0.069069,0.174000,0.216799,0.000000,0.218193,0.321939,0.000000
0.071610,0.169861,0.215054,0.000000,0.219936,0.323539,0.000000
0.073957,0.167715,0.213061,0.000000,0.221208,0.324059,0.000000
0.072252,0.174372,0.212710,0.000000,0.219662,0.321003,0.000000
0.072494,0.172478,0.212948,0.000000,0.220315,0.321765,0.000000
0.073050,0.172332,0.212261,0.000000,0.220846,0.321511,0.000000
0.073367,0.173414,0.211685,0.000000,0.220667,0.320866,0.000000
0.074770,0.172164,0.210090,0.000000,0.221675,0.321302,0.000000
0.075699,0.168071,0.210610,0.000000,0.222622,0.322999,0.000000
0.077156,0.163324,0.210008,0.000000,0.223751,0.325761,0.000000
0.077020,0.166085,0.209131,0.000000,0.223276,0.324488,0.000000
0.076486,0.161141,0.210618,0.000000,0.224860,0.326895,0.000000
0.077755,0.167400,0.207651,0.000000,0.223730,0.323464,0.000000
0.078492,0.160914,0.208698,0.000000,0.225303,0.326593,0.000000
0.079180,0.154275,0.210547,0.000000,0.225933,0.330065,0.000000
0.077804,0.161163,0.210149,0.000000,0.224084,0.326799,0.000000
0.078335,0.163326,0.209075,0.000000,0.223897,0.325367,0.000000
0.077128,0.167972,0.208390,0.000000,0.222130,0.324380,0.000000
0.077447,0.169002,0.207564,0.000000,0.222381,0.323607,0.000000
0.078545,0.171186,0.204894,0.000000,0.222353,0.323022,0.000000
0.078194,0.174393,0.203637,0.000000,0.221461,0.322314,0.000000
0.077681,0.176367,0.203651,0.000000,0.221064,0.321238,0.000000
0.078129,0.179344,0.202497,0.000000,0.220205,0.319825,0.000000
0.078194,0.182058,0.201662,0.000000,0.219486,0.318600,0.000000
0.077733,0.182555,0.201716,0.000000,0.219418,0.318577,0.000000
0.078861,0.182704,0.200735,0.000000,0.219885,0.317815,0.000000
0.078868,0.184535,0.200452,0.000000,0.219574,0.316571,0.000000
0.078785,0.186938,0.199809,0.000000,0.219276,0.315193,0.000000
0.078494,0.189854,0.198986,0.000000,0.218580,0.314087,0.000000
0.078031,0.189725,0.199395,0.000000,0.218637,0.314213,0.000000
0.078782,0.187119,0.199205,0.000000,0.219548,0.315346,0.000000
0.080552,0.183833,0.198365,0.000000,0.220732,0.316517,0.000000
0.079116,0.183951,0.200432,0.000000,0.219753,0.316747,0.000000
0.080984,0.180306,0.199080,0.000000,0.221075,0.318555,0.000000
0.080664,0.177112,0.200457,0.000000,0.221770,0.319997,0.000000
0.080370,0.174091,0.202219,0.000000,0.222079,0.321241,0.000000
0.079438,0.169930,0.205034,0.000000,0.222597,0.323000,0.000000
0.079229,0.165825,0.206735,0.000000,0.222875,0.325336,0.000000
0.078847,0.164783,0.207855,0.000000,0.222869,0.325646,0.000000
0.078266,0.164402,0.208800,0.000000,0.222803,0.325729,0.000000
0.080062,0.160101,0.208286,0.000000,0.224087,0.327464,0.000000
0.080248,0.156433,0.209501,0.000000,0.224609,0.329209,0.000000
0.079786,0.151014,0.211883,0.000000,0.225270,0.332048,0.000000
0.079885,0.146654,0.213140,0.000000,0.226564,0.333757,0.000000
0.078880,0.144905,0.215340,0.000000,0.226219,0.334656,0.000000
0.076257,0.149664,0.216807,0.000000,0.224150,0.333122,0.000000
0.074857,0.150479,0.218099,0.000000,0.223715,0.332849,0.000000
0.075853,0.150249,0.216791,0.000000,0.224596,0.332511,0.000000
0.075216,0.152448,0.216714,0.000000,0.223800,0.331822,0.000000
0.075551,0.156428,0.214388,0.000000,0.223248,0.330384,0.000000
0.076797,0.160011,0.211121,0.000000,0.222973,0.329098,0.000000
