1.000000,0.000000,0.000000,0.000000,0.000000,0.000000,0.000000,0.000000,0.000000,0.000000,0.000000
0.013631,0.000133,0.000001,0.000029,0.000004,0.327967,0.000000,0.000000,0.329117,0.000001,0.329117
0.010809,0.000108,0.000000,0.000023,0.000003,0.329294,0.000000,0.000000,0.329880,0.000001,0.329880
0.010799,0.000110,0.000000,0.000023,0.000003,0.329596,0.000000,0.000000,0.329733,0.000001,0.329733
0.010798,0.000112,0.000000,0.000023,0.000003,0.329665,0.000000,0.000000,0.329698,0.000001,0.329698
0.010798,0.000113,0.000000,0.000023,0.000003,0.329682,0.000000,0.000000,0.329689,0.000001,0.329689
0.010798,0.000114,0.000000,0.000023,0.000003,0.329685,0.000000,0.000000,0.329687,0.000001,0.329687
0.010798,0.000115,0.000001,0.000023,0.000003,0.329686,0.000000,0.000000,0.329686,0.000001,0.329686
0.010798,0.000115,0.000001,0.000023,0.000004,0.329686,0.000000,0.000000,0.329686,0.000002,0.329686
0.010798,0.000116,0.000001,0.000023,0.000004,0.329686,0.000000,0.000000,0.329686,0.000002,0.329686
0.010798,0.000117,0.000001,0.000023,0.000004,0.329685,0.000000,0.000000,0.329685,0.000002,0.329685
0.010798,0.000119,0.000001,0.000022,0.000004,0.329685,0.000000,0.000000,0.329685,0.000002,0.329685
0.010798,0.000119,0.000001,0.000022,0.000004,0.329685,0.000000,0.000000,0.329685,0.000002,0.329685
0.010798,0.000118,0.000001,0.000022,0.000004,0.329685,0.000000,0.000000,0.329685,0.000002,0.329685
0.010798,0.000116,0.000001,0.000021,0.000003,0.329686,0.000000,0.000000,0.329686,0.000002,0.329686
0.010806,0.000114,0.000001,0.000020,0.000003,0.329211,0.000000,0.000000,0.329921,0.000002,0.329921
0.010834,0.000112,0.000001,0.000020,0.000003,0.327348,0.000000,0.000000,0.330840,0.000002,0.330840
0.010842,0.000110,0.000001,0.000019,0.000003,0.326480,0.000000,0.000000,0.331272,0.000002,0.331272
0.010834,0.000109,0.000001,0.000019,0.000003,0.326730,0.000000,0.000000,0.331152,0.000002,0.331152
0.010829,0.000107,0.000001,0.000018,0.000003,0.327129,0.000000,0.000000,0.330956,0.000002,0.330956
0.010823,0.000106,0.000001,0.000018,0.000003,0.327605,0.000000,0.000000,0.330721,0.000002,0.330721
0.010825,0.000105,0.000001,0.000018,0.000003,0.327539,0.000000,0.000000,0.330754,0.000002,0.330754
0.010830,0.000105,0.000001,0.000017,0.000003,0.327224,0.000000,0.000000,0.330909,0.000002,0.330909
0.010866,0.000104,0.000001,0.000017,0.000003,0.324956,0.000000,0.000000,0.332026,0.000002,0.332026
0.010931,0.000103,0.000001,0.000017,0.000003,0.320362,0.000000,0.000000,0.334290,0.000002,0.334290
0.011021,0.000102,0.000001,0.000017,0.000003,0.313692,0.000000,0.000000,0.337581,0.000003,0.337581
0.011115,0.000100,0.000001,0.000017,0.000003,0.306251,0.000000,0.000000,0.341255,0.000003,0.341255
0.011196,0.000097,0.000001,0.000017,0.000003,0.299407,0.000000,0.000000,0.344638,0.000003,0.344638
0.011281,0.000094,0.000001,0.000017,0.000003,0.292385,0.000000,0.000000,0.348109,0.000003,0.348109
0.011351,0.000091,0.000001,0.000016,0.000003,0.286286,0.000000,0.000000,0.351125,0.000003,0.351125
0.011407,0.000087,0.000001,0.000016,0.000003,0.281260,0.000000,0.000000,0.353612,0.000003,0.353612
0.011472,0.000085,0.000001,0.000017,0.000003,0.275906,0.000000,0.000000,0.356257,0.000003,0.356257
0.011540,0.000083,0.000001,0.000017,0.000003,0.270273,0.000000,0.000000,0.359040,0.000003,0.359040
0.011620,0.000081,0.000001,0.000017,0.000003,0.263762,0.000000,0.000000,0.362256,0.000003,0.362256
0.011681,0.000080,0.000001,0.000017,0.000003,0.258222,0.000000,0.000000,0.364997,0.000003,0.364997
0.011707,0.000078,0.000001,0.000018,0.000003,0.255129,0.000000,0.000000,0.366531,0.000003,0.366531
0.011741,0.000075,0.000001,0.000018,0.000003,0.252156,0.000000,0.000000,0.368001,0.000004,0.368001
0.011812,0.000071,0.000001,0.000018,0.000003,0.246892,0.000000,0.000000,0.370600,0.000004,0.370600
0.011919,0.000066,0.000001,0.000018,0.000003,0.238674,0.000000,0.000000,0.374657,0.000004,0.374657
0.012014,0.000063,0.000001,0.000018,0.000003,0.230473,0.000000,0.000000,0.378712,0.000004,0.378712
0.012082,0.000061,0.000001,0.000018,0.000003,0.223905,0.000000,0.000000,0.381963,0.000004,0.381963
0.012114,0.000059,0.000001,0.000018,0.000003,0.220080,0.000000,0.000000,0.383860,0.000004,0.383860
0.012140,0.000058,0.000001,0.000019,0.000003,0.217378,0.000000,0.000000,0.385198,0.000005,0.385198
0.012141,0.000057,0.000001,0.000019,0.000003,0.216519,0.000000,0.000000,0.385627,0.000005,0.385627
0.012125,0.000055,0.000001,0.000019,0.000003,0.217321,0.000000,0.000000,0.385235,0.000005,0.385235
0.012078,0.000053,0.000001,0.000020,0.000004,0.220579,0.000000,0.000000,0.383630,0.000005,0.383630
0.012038,0.000052,0.000001,0.000020,0.000004,0.224029,0.000000,0.000000,0.381926,0.000005,0.381926
0.012023,0.000051,0.000001,0.000020,0.000004,0.225952,0.000000,0.000000,0.380972,0.000006,0.380972
0.012033,0.000050,0.000001,0.000020,0.000004,0.225820,0.000000,0.000000,0.381033,0.000006,0.381033
0.012028,0.000050,0.000001,0.000020,0.000004,0.226108,0.000000,0.000000,0.380892,0.000006,0.380892
0.012029,0.000049,0.000001,0.000020,0.000004,0.226112,0.000000,0.000000,0.380890,0.000006,0.380890
0.012034,0.000048,0.000001,0.000020,0.000004,0.225771,0.000000,0.000000,0.381058,0.000006,0.381058
0.012044,0.000048,0.000001,0.000020,0.000004,0.225071,0.000000,0.000000,0.381403,0.000006,0.381403
0.012061,0.000048,0.000001,0.000020,0.000004,0.223765,0.000000,0.000000,0.382047,0.000006,0.382047
0.012060,0.000048,0.000001,0.000021,0.000004,0.223471,0.000000,0.000000,0.382194,0.000006,0.382194
0.012052,0.000049,0.000001,0.000021,0.000004,0.223906,0.000000,0.000000,0.381980,0.000006,0.381980
0.012081,0.000050,0.000001,0.000022,0.000004,0.222158,0.000000,0.000000,0.382839,0.000006,0.382839
0.012152,0.000050,0.000001,0.000022,0.000004,0.217158,0.000000,0.000000,0.385303,0.000006,0.385303
0.012249,0.000050,0.000001,0.000022,0.000004,0.209520,0.000000,0.000000,0.389073,0.000007,0.389073
0.012353,0.000049,0.000001,0.000023,0.000005,0.200679,0.000000,0.000000,0.393442,0.000007,0.393442
0.012447,0.000049,0.000001,0.000023,0.000005,0.192158,0.000000,0.000000,0.397656,0.000007,0.397656
0.012515,0.000049,0.000001,0.000023,0.000005,0.185336,0.000000,0.000000,0.401033,0.000007,0.401033
0.012560,0.000049,0.000001,0.000023,0.000005,0.180491,0.000000,0.000000,0.403432,0.000007,0.403432
0.012586,0.000049,0.000001,0.000023,0.000005,0.177377,0.000000,0.000000,0.404976,0.000007,0.404976
0.012594,0.000049,0.000001,0.000024,0.000005,0.175956,0.000000,0.000000,0.405682,0.000007,0.405682
0.012582,0.000049,0.000001,0.000024,0.000005,0.176338,0.000000,0.000000,0.405496,0.000007,0.405496
0.012536,0.000049,0.000001,0.000024,0.000005,0.179446,0.000000,0.000000,0.403965,0.000008,0.403965
0.012479,0.000049,0.000001,0.000025,0.000005,0.184084,0.000000,0.000000,0.401674,0.000008,0.401674
0.012477,0.000049,0.000001,0.000025,0.000005,0.185506,0.000000,0.000000,0.400964,0.000008,0.400964
0.012505,0.000048,0.000001,0.000026,0.000005,0.184114,0.000000,0.000000,0.401646,0.000008,0.401646
0.012538,0.000047,0.000001,0.000026,0.000006,0.181526,0.000000,0.000000,0.402924,0.000008,0.402924
0.012561,0.000046,0.000001,0.000026,0.000006,0.179341,0.000000,0.000000,0.404006,0.000008,0.404006
0.012610,0.000045,0.000001,0.000026,0.000005,0.175514,0.000000,0.000000,0.405895,0.000008,0.405895
0.012677,0.000045,0.000001,0.000025,0.000005,0.170007,0.000000,0.000000,0.408615,0.000009,0.408615
0.012735,0.000044,0.000001,0.000025,0.000005,0.164651,0.000000,0.000000,0.411265,0.000009,0.411265
0.012761,0.000044,0.000001,0.000025,0.000005,0.161399,0.000000,0.000000,0.412878,0.000009,0.412878
0.012740,0.000043,0.000001,0.000025,0.000005,0.161803,0.000000,0.000000,0.412687,0.000009,0.412687
0.012711,0.000043,0.000001,0.000025,0.000005,0.163819,0.000000,0.000000,0.411694,0.000008,0.411694
0.012674,0.000042,0.000001,0.000024,0.000005,0.166804,0.000000,0.000000,0.410220,0.000008,0.410220
0.012628,0.000041,0.000001,0.000024,0.000005,0.170713,0.000000,0.000000,0.408289,0.000008,0.408289
0.012544,0.000040,0.000001,0.000024,0.000006,0.177354,0.000000,0.000000,0.405011,0.000008,0.405011
0.012460,0.000039,0.000001,0.000024,0.000006,0.184764,0.000000,0.000000,0.401349,0.000008,0.401349
0.012438,0.000039,0.000001,0.000024,0.000006,0.188287,0.000000,0.000000,0.399598,0.000008,0.399598
0.012489,0.000039,0.000002,0.000024,0.000006,0.185898,0.000000,0.000000,0.400767,0.000008,0.400767
0.012574,0.000040,0.000002,0.000025,0.000006,0.179724,0.000000,0.000000,0.403811,0.000007,0.403811
0.012635,0.000040,0.000002,0.000025,0.000006,0.174008,0.000000,0.000000,0.406638,0.000007,0.406638
0.012612,0.000041,0.000002,0.000026,0.000007,0.173827,0.000000,0.000000,0.406739,0.000007,0.406739
0.012542,0.000042,0.000002,0.000026,0.000007,0.178374,0.000000,0.000000,0.404500,0.000007,0.404500
0.012480,0.000042,0.000002,0.000027,0.000007,0.183743,0.000000,0.000000,0.401846,0.000007,0.401846
0.012426,0.000043,0.000002,0.000027,0.000007,0.188770,0.000000,0.000000,0.399359,0.000007,0.399359
0.012397,0.000043,0.000002,0.000028,0.000008,0.192045,0.000000,0.000000,0.397735,0.000007,0.397735
0.012353,0.000043,0.000002,0.000028,0.000008,0.195859,0.000000,0.000000,0.395850,0.000006,0.395850
0.012277,0.000044,0.000002,0.000029,0.000008,0.201862,0.000000,0.000000,0.392886,0.000006,0.392886
0.012176,0.000045,0.000002,0.000029,0.000009,0.210020,0.000000,0.000000,0.388856,0.000006,0.388856
0.012051,0.000046,0.000002,0.000030,0.000009,0.220334,0.000000,0.000000,0.383761,0.000006,0.383761
0.011920,0.000047,0.000002,0.000030,0.000010,0.231549,0.000000,0.000000,0.378218,0.000006,0.378218
0.011808,0.000048,0.000002,0.000030,0.000010,0.241769,0.000000,0.000000,0.373164,0.000006,0.373164
0.011682,0.000049,0.000002,0.000030,0.000010,0.252486,0.000000,0.000000,0.367867,0.000006,0.367867
0.011554,0.000050,0.000002,0.000031,0.000011,0.263421,0.000000,0.000000,0.362463,0.000006,0.362463
0.011433,0.000052,0.000002,0.000031,0.000012,0.273898,0.000000,0.000000,0.357283,0.000006,0.357283
0.011320,0.000054,0.000002,0.000033,0.000013,0.283651,0.000000,0.000000,0.352461,0.000006,0.352461
0.011029,0.000053,0.000002,0.000033,0.000014,0.296523,0.000000,0.000000,0.346170,0.000006,0.346170
0.010936,0.000055,0.000003,0.000035,0.000015,0.305511,0.000000,0.000000,0.341720,0.000007,0.341720
0.010901,0.000057,0.000003,0.000037,0.000017,0.309881,0.000000,0.000000,0.339549,0.000008,0.339549
0.010916,0.000058,0.000003,0.000038,0.000018,0.309981,0.000000,0.000000,0.339489,0.000008,0.339489
0.010954,0.000059,0.000003,0.000040,0.000020,0.307565,0.000000,0.000000,0.340675,0.000009,0.340675
0.010988,0.000059,0.000003,0.000041,0.000021,0.304865,0.000000,0.000000,0.342007,0.000009,0.342007
0.011017,0.000060,0.000003,0.000043,0.000023,0.302364,0.000000,0.000000,0.343241,0.000010,0.343241
0.011031,0.000059,0.000003,0.000044,0.000024,0.300893,0.000000,0.000000,0.343968,0.000010,0.343968
0.011031,0.000059,0.000003,0.000045,0.000026,0.300526,0.000000,0.000000,0.344150,0.000011,0.344150
0.011002,0.000058,0.000003,0.000046,0.000027,0.302232,0.000000,0.000000,0.343309,0.000012,0.343309
0.010913,0.000057,0.000003,0.000048,0.000029,0.308318,0.000000,0.000000,0.340310,0.000012,0.340310
0.010828,0.000056,0.000003,0.000050,0.000031,0.315138,0.000000,0.000000,0.336940,0.000013,0.336940
0.010785,0.000054,0.000003,0.000052,0.000034,0.319484,0.000000,0.000000,0.334787,0.000014,0.334787
0.010787,0.000053,0.000004,0.000054,0.000037,0.320365,0.000000,0.000000,0.334343,0.000015,0.334343
0.010809,0.000051,0.000004,0.000056,0.000040,0.319178,0.000000,0.000000,0.334923,0.000016,0.334923
0.010854,0.000051,0.000004,0.000059,0.000044,0.316033,0.000000,0.000000,0.336470,0.000017,0.336470
0.010872,0.000050,0.000004,0.000061,0.000046,0.314176,0.000000,0.000000,0.337387,0.000017,0.337387
0.010935,0.000048,0.000004,0.000063,0.000049,0.309767,0.000000,0.000000,0.339558,0.000018,0.339558
0.011111,0.000046,0.000004,0.000064,0.000050,0.297545,0.000000,0.000000,0.345580,0.000018,0.345580
0.011284,0.000045,0.000004,0.000064,0.000052,0.283613,0.000000,0.000000,0.352460,0.000019,0.352460
0.011421,0.000043,0.000003,0.000065,0.000053,0.271445,0.000000,0.000000,0.358475,0.000020,0.358475
0.011511,0.000042,0.000003,0.000065,0.000054,0.262558,0.000000,0.000000,0.362873,0.000020,0.362873
0.011628,0.000041,0.000003,0.000066,0.000055,0.252769,0.000000,0.000000,0.367708,0.000021,0.367708
0.011773,0.000040,0.000003,0.000067,0.000057,0.240867,0.000000,0.000000,0.373586,0.000021,0.373586
0.011913,0.000040,0.000003,0.000067,0.000059,0.228687,0.000000,0.000000,0.379604,0.000022,0.379604
0.012012,0.000039,0.000003,0.000068,0.000062,0.218958,0.000000,0.000000,0.384418,0.000022,0.384418
0.012064,0.000038,0.000003,0.000069,0.000064,0.212930,0.000000,0.000000,0.387405,0.000022,0.387405
0.012074,0.000037,0.000003,0.000068,0.000065,0.210621,0.000000,0.000000,0.388555,0.000021,0.388555
0.012081,0.000036,0.000003,0.000067,0.000066,0.209586,0.000001,0.000000,0.389070,0.000021,0.389070
0.012068,0.000034,0.000003,0.000067,0.000067,0.210104,0.000001,0.000000,0.388818,0.000021,0.388818
0.012057,0.000033,0.000003,0.000065,0.000067,0.210985,0.000001,0.000000,0.388385,0.000020,0.388385
0.012002,0.000032,0.000003,0.000065,0.000067,0.214846,0.000001,0.000000,0.386483,0.000020,0.386483
0.011950,0.000030,0.000003,0.000065,0.000068,0.219277,0.000001,0.000000,0.384292,0.000020,0.384292
0.011906,0.000030,0.000003,0.000066,0.000070,0.223343,0.000001,0.000000,0.382280,0.000021,0.382280
0.011854,0.000029,0.000003,0.000067,0.000072,0.227790,0.000001,0.000000,0.380081,0.000022,0.380081
0.011795,0.000028,0.000003,0.000067,0.000073,0.232854,0.000001,0.000000,0.377578,0.000022,0.377578
0.011735,0.000027,0.000004,0.000067,0.000073,0.238100,0.000001,0.000000,0.374986,0.000022,0.374986
0.011657,0.000026,0.000004,0.000066,0.000072,0.244487,0.000001,0.000000,0.371832,0.000022,0.371832
0.011554,0.000025,0.000004,0.000065,0.000070,0.252878,0.000001,0.000000,0.367690,0.000022,0.367690
0.011437,0.000024,0.000004,0.000065,0.000069,0.262546,0.000001,0.000000,0.362916,0.000022,0.362916
0.011332,0.000023,0.000004,0.000065,0.000068,0.271749,0.000001,0.000000,0.358368,0.000023,0.358368
0.011219,0.000022,0.000004,0.000065,0.000068,0.281328,0.000001,0.000000,0.353634,0.000024,0.353634
0.011124,0.000021,0.000004,0.000065,0.000068,0.289802,0.000001,0.000000,0.349445,0.000025,0.349445
0.011059,0.000020,0.000004,0.000066,0.000068,0.295979,0.000001,0.000000,0.346388,0.000026,0.346388
0.010995,0.000020,0.000004,0.000067,0.000068,0.301586,0.000001,0.000001,0.343616,0.000027,0.343616
0.010921,0.000019,0.000005,0.000068,0.000068,0.307605,0.000001,0.000001,0.340642,0.000028,0.340642
0.010863,0.000018,0.000005,0.000069,0.000068,0.312706,0.000001,0.000001,0.338120,0.000029,0.338120
0.010835,0.000018,0.000005,0.000068,0.000066,0.315688,0.000001,0.000001,0.336644,0.000029,0.336644
0.010844,0.000017,0.000005,0.000068,0.000063,0.315855,0.000001,0.000001,0.336558,0.000030,0.336558
0.010871,0.000017,0.000005,0.000066,0.000060,0.314201,0.000001,0.000001,0.337374,0.000030,0.337374
0.010887,0.000016,0.000005,0.000064,0.000056,0.312796,0.000002,0.000001,0.338071,0.000031,0.338071
0.010868,0.000015,0.000005,0.000062,0.000053,0.313688,0.000002,0.000001,0.337638,0.000032,0.337638
0.010839,0.000014,0.000005,0.000060,0.000049,0.315720,0.000002,0.000001,0.336639,0.000033,0.336639
0.010848,0.000014,0.000005,0.000058,0.000047,0.315606,0.000002,0.000001,0.336693,0.000033,0.336693
0.010922,0.000013,0.000005,0.000056,0.000044,0.310961,0.000002,0.000002,0.338981,0.000034,0.338981
0.010988,0.000013,0.000005,0.000054,0.000042,0.305676,0.000002,0.000002,0.341592,0.000035,0.341592
0.011007,0.000013,0.000005,0.000053,0.000040,0.303173,0.000002,0.000002,0.342835,0.000035,0.342835
0.010930,0.000012,0.000005,0.000050,0.000038,0.307431,0.000002,0.000002,0.340747,0.000035,0.340747
0.010839,0.000012,0.000005,0.000048,0.000036,0.314255,0.000002,0.000002,0.337384,0.000034,0.337384
0.010777,0.000012,0.000005,0.000045,0.000034,0.319781,0.000002,0.000002,0.334654,0.000034,0.334654
0.010722,0.000011,0.000005,0.000043,0.000032,0.324554,0.000002,0.000002,0.332298,0.000033,0.332298
0.010683,0.000011,0.000005,0.000041,0.000030,0.328087,0.000002,0.000002,0.330554,0.000032,0.330554
0.010636,0.000011,0.000005,0.000039,0.000028,0.331876,0.000001,0.000002,0.328686,0.000031,0.328686
0.010601,0.000010,0.000004,0.000037,0.000027,0.334983,0.000001,0.000002,0.327153,0.000029,0.327153
0.010600,0.000010,0.000004,0.000035,0.000026,0.335736,0.000001,0.000002,0.326778,0.000029,0.326778
0.010621,0.000010,0.000004,0.000034,0.000025,0.334606,0.000001,0.000002,0.327334,0.000028,0.327334
0.010637,0.000010,0.000004,0.000033,0.000024,0.333356,0.000001,0.000002,0.327952,0.000028,0.327952
0.010664,0.000010,0.000004,0.000032,0.000024,0.331391,0.000001,0.000003,0.328922,0.000028,0.328922
0.010713,0.000010,0.000004,0.000032,0.000024,0.327833,0.000001,0.000003,0.330677,0.000027,0.330677
0.010770,0.000010,0.000004,0.000031,0.000023,0.323427,0.000001,0.000003,0.332852,0.000027,0.332852
0.010802,0.000009,0.000005,0.000031,0.000023,0.320419,0.000001,0.000004,0.334340,0.000027,0.334340
0.010799,0.000009,0.000005,0.000031,0.000023,0.319867,0.000001,0.000004,0.334617,0.000027,0.334617
0.010772,0.000009,0.000005,0.000031,0.000024,0.321410,0.000001,0.000005,0.333859,0.000027,0.333859
0.010746,0.000009,0.000005,0.000031,0.000024,0.323407,0.000001,0.000006,0.332872,0.000027,0.332872
0.010729,0.000009,0.000005,0.000032,0.000024,0.324989,0.000001,0.000007,0.332089,0.000027,0.332089
0.010716,0.000009,0.000005,0.000032,0.000024,0.326184,0.000001,0.000008,0.331497,0.000027,0.331497
0.010713,0.000008,0.000005,0.000033,0.000025,0.326611,0.000001,0.000009,0.331283,0.000028,0.331283
0.010707,0.000008,0.000005,0.000033,0.000025,0.327110,0.000001,0.000010,0.331036,0.000028,0.331036
0.010702,0.000008,0.000006,0.000034,0.000025,0.327543,0.000001,0.000011,0.330821,0.000028,0.330821
0.010698,0.000008,0.000006,0.000034,0.000025,0.327848,0.000001,0.000013,0.330670,0.000029,0.330670
0.010694,0.000008,0.000006,0.000033,0.000024,0.328172,0.000001,0.000014,0.330510,0.000030,0.330510
0.010687,0.000007,0.000006,0.000033,0.000023,0.328707,0.000001,0.000015,0.330246,0.000030,0.330246
0.010664,0.000007,0.000006,0.000032,0.000022,0.330312,0.000001,0.000016,0.329456,0.000030,0.329456
0.010641,0.000007,0.000006,0.000031,0.000021,0.332098,0.000001,0.000017,0.328574,0.000031,0.328574
0.010636,0.000006,0.000006,0.000031,0.000020,0.332813,0.000000,0.000019,0.328218,0.000032,0.328218
0.010652,0.000006,0.000006,0.000030,0.000020,0.331953,0.000000,0.000021,0.328638,0.000034,0.328638
0.010690,0.000006,0.000006,0.000030,0.000019,0.329378,0.000000,0.000023,0.329905,0.000036,0.329905
0.010727,0.000006,0.000006,0.000029,0.000018,0.326498,0.000000,0.000025,0.331327,0.000037,0.331327
0.010740,0.000005,0.000006,0.000028,0.000017,0.324991,0.000000,0.000027,0.332074,0.000037,0.332074
0.010738,0.000005,0.000006,0.000027,0.000017,0.324775,0.000000,0.000029,0.332183,0.000038,0.332183
0.010730,0.000005,0.000006,0.000027,0.000016,0.325186,0.000000,0.000031,0.331980,0.000039,0.331980
0.010727,0.000004,0.000006,0.000027,0.000015,0.325497,0.000000,0.000033,0.331825,0.000040,0.331825
0.010703,0.000004,0.000007,0.000026,0.000015,0.327088,0.000000,0.000035,0.331041,0.000041,0.331041
0.010666,0.000004,0.000007,0.000025,0.000014,0.329775,0.000000,0.000036,0.329715,0.000042,0.329715
0.010621,0.000004,0.000007,0.000024,0.000014,0.333227,0.000000,0.000038,0.328011,0.000043,0.328011
0.010592,0.000003,0.000007,0.000024,0.000013,0.335842,0.000000,0.000040,0.326717,0.000044,0.326717
0.010583,0.000003,0.000007,0.000023,0.000012,0.336974,0.000000,0.000043,0.326154,0.000045,0.326154
0.010595,0.000003,0.000007,0.000023,0.000012,0.336525,0.000000,0.000047,0.326372,0.000045,0.326372
0.010617,0.000003,0.000007,0.000022,0.000012,0.335042,0.000000,0.000052,0.327100,0.000046,0.327100
0.010642,0.000003,0.000007,0.000022,0.000011,0.333076,0.000000,0.000057,0.328067,0.000047,0.328067
0.010548,0.000002,0.000006,0.000020,0.000010,0.330929,0.000000,0.000059,0.329190,0.000045,0.329190
0.010566,0.000002,0.000006,0.000020,0.000010,0.329233,0.000000,0.000067,0.330026,0.000045,0.330026
0.010576,0.000002,0.000006,0.000019,0.000010,0.328198,0.000000,0.000079,0.330532,0.000045,0.330532
0.010571,0.000002,0.000006,0.000019,0.000009,0.328253,0.000000,0.000097,0.330499,0.000044,0.330499
0.010558,0.000002,0.000006,0.000019,0.000009,0.329117,0.000000,0.000119,0.330063,0.000044,0.330063
0.010553,0.000002,0.000006,0.000019,0.000009,0.329593,0.000000,0.000141,0.329816,0.000045,0.329816
0.010553,0.000002,0.000007,0.000019,0.000009,0.329698,0.000000,0.000165,0.329751,0.000046,0.329751
0.010552,0.000002,0.000007,0.000019,0.000009,0.329715,0.000000,0.000196,0.329727,0.000046,0.329727
0.010556,0.000002,0.000007,0.000018,0.000009,0.329463,0.000000,0.000235,0.329832,0.000046,0.329832
0.010554,0.000002,0.000007,0.000018,0.000008,0.329461,0.000000,0.000284,0.329810,0.000047,0.329810
0.010554,0.000002,0.000007,0.000018,0.000008,0.329460,0.000000,0.000343,0.329780,0.000047,0.329780
0.010553,0.000002,0.000006,0.000018,0.000008,0.329469,0.000000,0.000401,0.329748,0.000048,0.329748
0.010558,0.000002,0.000006,0.000017,0.000007,0.329087,0.000000,0.000452,0.329911,0.000048,0.329911
0.010593,0.000002,0.000006,0.000017,0.000007,0.326769,0.000000,0.000491,0.331034,0.000047,0.331034
0.010657,0.000002,0.000006,0.000016,0.000007,0.322108,0.000000,0.000534,0.333312,0.000047,0.333312
0.010736,0.000002,0.000006,0.000016,0.000006,0.315945,0.000000,0.000591,0.336325,0.000046,0.336325
0.010835,0.000002,0.000006,0.000016,0.000006,0.308108,0.000000,0.000687,0.340147,0.000047,0.340147
0.010946,0.000002,0.000005,0.000015,0.000006,0.299036,0.000000,0.000817,0.344563,0.000047,0.344563
0.011041,0.000002,0.000005,0.000015,0.000006,0.290579,0.000000,0.000975,0.348665,0.000047,0.348665
0.011113,0.000002,0.000005,0.000015,0.000006,0.283710,0.000000,0.001149,0.351977,0.000047,0.351977
0.011187,0.000002,0.000005,0.000015,0.000005,0.277149,0.000000,0.001306,0.355142,0.000047,0.355142
0.011287,0.000002,0.000004,0.000015,0.000005,0.268948,0.000000,0.001448,0.359122,0.000046,0.359122
0.011405,0.000002,0.000004,0.000015,0.000005,0.259191,0.000000,0.001498,0.363917,0.000045,0.363917
0.011542,0.000002,0.000004,0.000015,0.000005,0.247818,0.000000,0.001499,0.369535,0.000044,0.369535
0.011672,0.000002,0.000004,0.000015,0.000005,0.236347,0.000000,0.001469,0.375221,0.000043,0.375221
0.011803,0.000002,0.000004,0.000015,0.000005,0.224757,0.000000,0.001409,0.380981,0.000042,0.380981
0.011907,0.000002,0.000004,0.000014,0.000005,0.214860,0.000000,0.001333,0.385917,0.000041,0.385917
0.011978,0.000002,0.000003,0.000014,0.000005,0.207554,0.000000,0.001254,0.389575,0.000040,0.389575
0.012042,0.000002,0.000003,0.000014,0.000005,0.201362,0.000000,0.001181,0.392677,0.000038,0.392677
0.012124,0.000002,0.000003,0.000014,0.000004,0.194211,0.000000,0.001113,0.396245,0.000038,0.396245
0.012218,0.000002,0.000003,0.000014,0.000004,0.186079,0.000000,0.001019,0.400312,0.000037,0.400312
0.012323,0.000002,0.000003,0.000015,0.000004,0.176791,0.000000,0.000930,0.404947,0.000037,0.404947
0.012429,0.000002,0.000003,0.000015,0.000004,0.167084,0.000000,0.000857,0.409785,0.000037,0.409785
0.012521,0.000002,0.000002,0.000015,0.000004,0.158145,0.000000,0.000806,0.414234,0.000036,0.414234
0.012602,0.000002,0.000002,0.000015,0.000004,0.150076,0.000000,0.000756,0.418253,0.000036,0.418253
0.012671,0.000002,0.000002,0.000016,0.000004,0.143071,0.000000,0.000718,0.421740,0.000036,0.421740
0.012719,0.000002,0.000002,0.000016,0.000004,0.137793,0.000000,0.000677,0.424376,0.000035,0.424376
0.012784,0.000002,0.000002,0.000016,0.000004,0.131813,0.000000,0.000630,0.427357,0.000035,0.427357
0.012862,0.000002,0.000002,0.000017,0.000004,0.124766,0.000000,0.000577,0.430868,0.000034,0.430868
0.012953,0.000001,0.000002,0.000016,0.000004,0.116393,0.000000,0.000521,0.435037,0.000034,0.435037
0.013025,0.000001,0.000002,0.000016,0.000004,0.108983,0.000000,0.000470,0.438732,0.000034,0.438732
0.013076,0.000001,0.000002,0.000016,0.000004,0.103180,0.000000,0.000424,0.441631,0.000034,0.441631
0.013105,0.000001,0.000002,0.000016,0.000004,0.099389,0.000000,0.000380,0.443534,0.000034,0.443534
0.013140,0.000001,0.000002,0.000017,0.000004,0.095837,0.000000,0.000340,0.445312,0.000035,0.445312
0.013196,0.000001,0.000002,0.000017,0.000004,0.090921,0.000000,0.000303,0.447760,0.000036,0.447760
0.013261,0.000001,0.000001,0.000017,0.000004,0.084842,0.000000,0.000271,0.450783,0.000037,0.450783
0.013326,0.000001,0.000001,0.000016,0.000003,0.078451,0.000000,0.000243,0.453960,0.000038,0.453960
0.013377,0.000001,0.000001,0.000016,0.000003,0.072870,0.000000,0.000221,0.456736,0.000038,0.456736
0.013420,0.000001,0.000001,0.000016,0.000003,0.068091,0.000000,0.000204,0.459113,0.000038,0.459113
0.013445,0.000001,0.000001,0.000015,0.000003,0.064816,0.000000,0.000188,0.460746,0.000038,0.460746
0.013462,0.000001,0.000001,0.000015,0.000003,0.062565,0.000000,0.000173,0.461871,0.000039,0.461871
0.013469,0.000001,0.000001,0.000015,0.000003,0.061349,0.000000,0.000155,0.462484,0.000039,0.462484
0.013476,0.000001,0.000001,0.000014,0.000003,0.060519,0.000000,0.000139,0.462904,0.000040,0.462904
0.013481,0.000001,0.000001,0.000014,0.000003,0.059893,0.000000,0.000126,0.463221,0.000040,0.463221
0.013474,0.000000,0.000001,0.000014,0.000003,0.060201,0.000000,0.000117,0.463075,0.000040,0.463075
0.013475,0.000000,0.000001,0.000014,0.000003,0.060205,0.000000,0.000111,0.463075,0.000041,0.463075
0.013485,0.000000,0.000001,0.000014,0.000003,0.059491,0.000000,0.000107,0.463429,0.000041,0.463429
0.013501,0.000000,0.000001,0.000013,0.000003,0.058150,0.000000,0.000102,0.464094,0.000041,0.464094
0.013505,0.000000,0.000001,0.000013,0.000003,0.057468,0.000000,0.000097,0.464436,0.000041,0.464436
0.013495,0.000000,0.000001,0.000013,0.000003,0.057912,0.000000,0.000093,0.464221,0.000041,0.464221
0.013479,0.000000,0.000001,0.000013,0.000003,0.059190,0.000000,0.000089,0.463592,0.000041,0.463592
0.013463,0.000000,0.000001,0.000013,0.000003,0.060761,0.000000,0.000087,0.462817,0.000040,0.462817
0.013456,0.000000,0.000001,0.000013,0.000003,0.061727,0.000000,0.000084,0.462338,0.000040,0.462338
0.013455,0.000000,0.000001,0.000013,0.000003,0.062130,0.000000,0.000083,0.462137,0.000041,0.462137
0.013458,0.000000,0.000001,0.000013,0.000003,0.062046,0.000000,0.000083,0.462177,0.000041,0.462177
0.013457,0.000000,0.000001,0.000013,0.000003,0.062059,0.000000,0.000083,0.462171,0.000042,0.462171
0.013446,0.000000,0.000001,0.000013,0.000003,0.062845,0.000000,0.000085,0.461782,0.000043,0.461782
0.013418,0.000000,0.000001,0.000014,0.000004,0.065055,0.000000,0.000088,0.460688,0.000043,0.460688
0.013383,0.000000,0.000001,0.000014,0.000004,0.068202,0.000000,0.000091,0.459131,0.000043,0.459131
0.013358,0.000000,0.000001,0.000014,0.000004,0.070933,0.000000,0.000093,0.457777,0.000043,0.457777
0.013337,0.000000,0.000002,0.000014,0.000004,0.073290,0.000000,0.000094,0.456608,0.000042,0.456608
0.013317,0.000000,0.000002,0.000015,0.000005,0.075427,0.000000,0.000096,0.455548,0.000042,0.455548
0.013289,0.000000,0.000002,0.000015,0.000005,0.078101,0.000000,0.000099,0.454224,0.000041,0.454224
0.013242,0.000000,0.000002,0.000015,0.000005,0.082187,0.000000,0.000104,0.452202,0.000041,0.452202
0.013193,0.000000,0.000002,0.000015,0.000006,0.086909,0.000000,0.000108,0.449863,0.000041,0.449863
0.013133,0.000000,0.000002,0.000016,0.000006,0.092492,0.000000,0.000113,0.447098,0.000041,0.447098
0.013095,0.000000,0.000002,0.000016,0.000006,0.096924,0.000000,0.000119,0.444898,0.000041,0.444898
0.013062,0.000000,0.000002,0.000016,0.000007,0.100569,0.000000,0.000127,0.443087,0.000042,0.443087
0.013035,0.000000,0.000003,0.000017,0.000008,0.103527,0.000000,0.000136,0.441616,0.000042,0.441616
0.013015,0.000000,0.000003,0.000017,0.000008,0.105801,0.000000,0.000144,0.440484,0.000043,0.440484
0.013004,0.000000,0.000003,0.000017,0.000009,0.107326,0.000000,0.000149,0.439725,0.000043,0.439725
0.013009,0.000000,0.000003,0.000018,0.000009,0.107409,0.000000,0.000155,0.439677,0.000043,0.439677
0.013010,0.000000,0.000003,0.000018,0.000010,0.107342,0.000000,0.000164,0.439705,0.000042,0.439705
0.013003,0.000000,0.000003,0.000018,0.000011,0.107841,0.000000,0.000174,0.439454,0.000041,0.439454
0.012977,0.000000,0.000004,0.000018,0.000012,0.109719,0.000000,0.000186,0.438521,0.000041,0.438521
0.012943,0.000000,0.000004,0.000019,0.000012,0.112625,0.000000,0.000200,0.437077,0.000042,0.437077
0.012933,0.000000,0.000004,0.000019,0.000013,0.114220,0.000000,0.000219,0.436274,0.000042,0.436274
0.012958,0.000000,0.000004,0.000020,0.000015,0.112992,0.000000,0.000246,0.436861,0.000044,0.436861
0.013010,0.000000,0.000005,0.000020,0.000016,0.109004,0.000000,0.000275,0.438813,0.000045,0.438813
0.013054,0.000000,0.000005,0.000021,0.000017,0.104758,0.000000,0.000314,0.440892,0.000047,0.440892
0.013067,0.000000,0.000006,0.000021,0.000018,0.102459,0.000000,0.000364,0.442007,0.000049,0.442007
0.013059,0.000000,0.000006,0.000022,0.000020,0.102232,0.000000,0.000426,0.442092,0.000051,0.442092
0.013033,0.000000,0.000007,0.000023,0.000021,0.103952,0.000000,0.000487,0.441212,0.000054,0.441212
0.013026,0.000000,0.000008,0.000024,0.000023,0.104899,0.000000,0.000549,0.440707,0.000056,0.440707
0.013022,0.000000,0.000008,0.000025,0.000025,0.105361,0.000001,0.000631,0.440434,0.000058,0.440434
0.013037,0.000000,0.000009,0.000026,0.000026,0.104400,0.000001,0.000766,0.440837,0.000060,0.440837
0.013023,0.000000,0.000010,0.000027,0.000028,0.104848,0.000001,0.000995,0.440502,0.000063,0.440502
0.012979,0.000000,0.000011,0.000028,0.000030,0.107664,0.000001,0.001418,0.438902,0.000065,0.438902
0.012923,0.000000,0.000012,0.000029,0.000032,0.111995,0.000001,0.001950,0.436495,0.000068,0.436495
0.012868,0.000000,0.000013,0.000030,0.000034,0.116634,0.000001,0.002568,0.433890,0.000072,0.433890
0.012675,0.000000,0.000013,0.000030,0.000034,0.121301,0.000001,0.003030,0.431421,0.000072,0.431421
0.012593,0.000000,0.000014,0.000030,0.000036,0.127641,0.000001,0.003829,0.427890,0.000076,0.427890
0.012520,0.000000,0.000015,0.000031,0.000038,0.133657,0.000001,0.005037,0.424312,0.000078,0.424312
0.012447,0.000000,0.000017,0.000031,0.000040,0.138895,0.000001,0.006963,0.420763,0.000080,0.420763
0.012377,0.000000,0.000018,0.000031,0.000041,0.143067,0.000001,0.009684,0.417349,0.000082,0.417349
0.012289,0.000000,0.000019,0.000032,0.000042,0.147604,0.000001,0.013177,0.413375,0.000085,0.413375
0.012216,0.000000,0.000021,0.000032,0.000044,0.150989,0.000001,0.017147,0.409732,0.000086,0.409732
0.012152,0.000000,0.000023,0.000033,0.000045,0.152345,0.000001,0.022249,0.406532,0.000088,0.406532
0.012081,0.000000,0.000025,0.000032,0.000046,0.151896,0.000001,0.029368,0.403231,0.000089,0.403231
0.011971,0.000000,0.000026,0.000032,0.000047,0.151772,0.000001,0.038768,0.398646,0.000090,0.398646
0.011858,0.000000,0.000028,0.000031,0.000047,0.151862,0.000001,0.048924,0.393578,0.000091,0.393578
0.011740,0.000000,0.000029,0.000031,0.000047,0.152720,0.000002,0.058838,0.388251,0.000092,0.388251
0.011664,0.000000,0.000031,0.000030,0.000047,0.153691,0.000002,0.065895,0.384274,0.000092,0.384274
0.011639,0.000000,0.000033,0.000029,0.000048,0.153648,0.000002,0.069787,0.382362,0.000092,0.382362
0.011680,0.000000,0.000034,0.000028,0.000048,0.152716,0.000002,0.069036,0.383183,0.000091,0.383183
0.011734,0.000000,0.000035,0.000028,0.000048,0.150755,0.000002,0.066977,0.385166,0.000089,0.385166
0.011751,0.000000,0.000036,0.000027,0.000048,0.147438,0.000002,0.068024,0.386293,0.000088,0.386293
0.011712,0.000000,0.000037,0.000027,0.000048,0.143210,0.000002,0.074223,0.385327,0.000087,0.385327
0.011590,0.000000,0.000038,0.000027,0.000049,0.139825,0.000002,0.086302,0.381041,0.000086,0.381041
0.011421,0.000000,0.000039,0.000026,0.000050,0.137634,0.000002,0.102070,0.374336,0.000085,0.374336
0.011197,0.000000,0.000040,0.000026,0.000050,0.137584,0.000002,0.120574,0.365222,0.000083,0.365222
0.010965,0.000000,0.000041,0.000025,0.000050,0.141145,0.000002,0.136966,0.355362,0.000081,0.355362
0.010798,0.000000,0.000042,0.000024,0.000050,0.146051,0.000002,0.148001,0.347476,0.000080,0.347476
0.010755,0.000000,0.000044,0.000024,0.000050,0.151401,0.000002,0.149367,0.344139,0.000080,0.344139
0.010822,0.000000,0.000046,0.000024,0.000052,0.154906,0.000002,0.143127,0.345471,0.000080,0.345471
0.010834,0.000000,0.000047,0.000024,0.000052,0.157467,0.000002,0.139101,0.346196,0.000080,0.346196
0.010761,0.000000,0.000048,0.000024,0.000052,0.159870,0.000002,0.141115,0.344025,0.000078,0.344025
0.010572,0.000000,0.000048,0.000023,0.000052,0.162859,0.000002,0.151431,0.337469,0.000075,0.337469
0.010299,0.000000,0.000048,0.000022,0.000051,0.166548,0.000002,0.168528,0.327215,0.000072,0.327215
0.010072,0.000000,0.000049,0.000022,0.000050,0.171199,0.000002,0.183199,0.317668,0.000071,0.317668
0.009917,0.000000,0.000049,0.000022,0.000051,0.175567,0.000002,0.193032,0.310645,0.000070,0.310645
0.009875,0.000000,0.000050,0.000021,0.000051,0.179456,0.000002,0.194901,0.307786,0.000070,0.307786
0.009861,0.000000,0.000052,0.000021,0.000050,0.183041,0.000002,0.193449,0.306727,0.000070,0.306727
0.009858,0.000000,0.000054,0.000021,0.000050,0.186821,0.000002,0.190321,0.306402,0.000069,0.306402
0.009868,0.000000,0.000056,0.000021,0.000049,0.189537,0.000002,0.187146,0.306626,0.000069,0.306626
0.009878,0.000000,0.000058,0.000021,0.000049,0.192772,0.000002,0.183155,0.306998,0.000070,0.306998
0.009862,0.000000,0.000059,0.000021,0.000048,0.196888,0.000002,0.179921,0.306565,0.000071,0.306565
0.009770,0.000000,0.000059,0.000021,0.000047,0.202220,0.000002,0.180551,0.303629,0.000071,0.303629
0.009582,0.000000,0.000059,0.000021,0.000046,0.207299,0.000002,0.188607,0.297156,0.000071,0.297156
0.009357,0.000000,0.000058,0.000020,0.000044,0.210668,0.000002,0.202123,0.288828,0.000072,0.288828
0.009099,0.000000,0.000057,0.000020,0.000042,0.208951,0.000002,0.223333,0.279212,0.000073,0.279212
0.008868,0.000000,0.000054,0.000019,0.000039,0.201271,0.000002,0.249166,0.270255,0.000072,0.270255
0.008717,0.000000,0.000052,0.000018,0.000036,0.191307,0.000002,0.271884,0.263956,0.000072,0.263956
0.008692,0.000000,0.000050,0.000017,0.000034,0.181851,0.000002,0.285233,0.262024,0.000073,0.262024
0.008833,0.000000,0.000049,0.000017,0.000033,0.173795,0.000002,0.285353,0.265922,0.000075,0.265922
0.009084,0.000000,0.000048,0.000017,0.000032,0.169013,0.000002,0.273264,0.274231,0.000078,0.274231
0.009371,0.000000,0.000046,0.000017,0.000031,0.164633,0.000002,0.256676,0.284571,0.000082,0.284571
0.009627,0.000000,0.000044,0.000017,0.000030,0.157892,0.000002,0.243294,0.294505,0.000085,0.294505
0.009809,0.000000,0.000042,0.000016,0.000029,0.148393,0.000002,0.237203,0.302209,0.000087,0.302209
0.009942,0.000000,0.000039,0.000016,0.000027,0.139077,0.000002,0.234808,0.308000,0.000089,0.308000
0.009984,0.000000,0.000036,0.000015,0.000026,0.130043,0.000002,0.238645,0.310580,0.000090,0.310580
0.009936,0.000000,0.000034,0.000014,0.000025,0.122057,0.000002,0.248480,0.309681,0.000090,0.309681
0.009802,0.000000,0.000031,0.000014,0.000023,0.114161,0.000001,0.265280,0.305299,0.000090,0.305299
0.009642,0.000000,0.000029,0.000013,0.000022,0.104704,0.000001,0.286727,0.299386,0.000090,0.299386
0.009507,0.000000,0.000027,0.000012,0.000020,0.094579,0.000001,0.307864,0.293950,0.000090,0.293950
0.009416,0.000000,0.000025,0.000011,0.000019,0.084030,0.000001,0.326394,0.290006,0.000091,0.290006
0.009386,0.000000,0.000023,0.000010,0.000017,0.074378,0.000001,0.339550,0.288271,0.000092,0.288271
0.009435,0.000000,0.000022,0.000010,0.000016,0.066829,0.000001,0.344777,0.289408,0.000093,0.289408
0.009607,0.000000,0.000020,0.000009,0.000015,0.060616,0.000001,0.339774,0.294931,0.000096,0.294931
0.009863,0.000000,0.000019,0.000009,0.000015,0.054854,0.000001,0.327212,0.303964,0.000099,0.303964
0.010104,0.000000,0.000018,0.000009,0.000014,0.050209,0.000001,0.312666,0.313437,0.000104,0.313437
0.010265,0.000000,0.000018,0.000008,0.000014,0.046772,0.000001,0.301640,0.320586,0.000109,0.320586
0.010291,0.000000,0.000017,0.000008,0.000013,0.043793,0.000001,0.299658,0.323052,0.000114,0.323052
0.010236,0.000000,0.000016,0.000008,0.000013,0.041556,0.000001,0.304272,0.321890,0.000119,0.321890
0.010152,0.000000,0.000015,0.000008,0.000013,0.039649,0.000001,0.312120,0.318960,0.000124,0.318960
0.010069,0.000000,0.000015,0.000007,0.000012,0.037537,0.000001,0.320841,0.315694,0.000129,0.315694
0.009989,0.000000,0.000014,0.000007,0.000012,0.035276,0.000001,0.329663,0.312452,0.000134,0.312452
0.009942,0.000000,0.000014,0.000007,0.000012,0.033426,0.000001,0.335889,0.310286,0.000138,0.310286
0.009961,0.000000,0.000013,0.000007,0.000012,0.031944,0.000001,0.337132,0.310394,0.000144,0.310394
0.010023,0.000000,0.000012,0.000006,0.000011,0.030660,0.000001,0.334469,0.312333,0.000151,0.312333
0.010104,0.000000,0.000012,0.000006,0.000011,0.029478,0.000001,0.329597,0.315315,0.000160,0.315315
0.010174,0.000000,0.000011,0.000006,0.000011,0.028069,0.000001,0.325209,0.318175,0.000168,0.318175
0.010224,0.000000,0.000010,0.000006,0.000011,0.026522,0.000001,0.322263,0.320394,0.000174,0.320394
0.010260,0.000000,0.000010,0.000006,0.000011,0.025059,0.000001,0.320412,0.322032,0.000178,0.322032
0.010282,0.000000,0.000009,0.000006,0.000011,0.023451,0.000001,0.319892,0.323084,0.000180,0.323084
0.010295,0.000000,0.000009,0.000006,0.000010,0.021920,0.000001,0.320115,0.323732,0.000181,0.323732
0.010300,0.000000,0.000008,0.000006,0.000010,0.020137,0.000000,0.321256,0.324051,0.000181,0.324051
0.010299,0.000000,0.000007,0.000005,0.000010,0.018519,0.000000,0.322832,0.324075,0.000178,0.324075
0.010304,0.000000,0.000007,0.000005,0.000009,0.017085,0.000000,0.323932,0.324242,0.000173,0.324242
0.010312,0.000000,0.000006,0.000005,0.000009,0.015962,0.000000,0.324464,0.324536,0.000169,0.324536
0.010318,0.000000,0.000005,0.000005,0.000009,0.015138,0.000000,0.324775,0.324792,0.000166,0.324792
0.010322,0.000000,0.000005,0.000005,0.000009,0.014512,0.000000,0.324991,0.324995,0.000164,0.324995
0.010324,0.000000,0.000004,0.000004,0.000009,0.014171,0.000000,0.325107,0.325108,0.000163,0.325108
0.010324,0.000000,0.000004,0.000004,0.000009,0.014143,0.000000,0.325118,0.325118,0.000162,0.325118
0.010325,0.000000,0.000004,0.000004,0.000009,0.014006,0.000000,0.325163,0.325163,0.000161,0.325163
0.010326,0.000000,0.000004,0.000004,0.000009,0.013856,0.000000,0.325213,0.325213,0.000160,0.325213
0.010331,0.000000,0.000004,0.000004,0.000009,0.013413,0.000000,0.325360,0.325360,0.000158,0.325360
0.010337,0.000000,0.000003,0.000004,0.000009,0.012725,0.000000,0.325588,0.325588,0.000157,0.325588
0.010343,0.000000,0.000003,0.000004,0.000009,0.011948,0.000000,0.325845,0.325845,0.000155,0.325845
0.010349,0.000000,0.000003,0.000004,0.000009,0.011276,0.000000,0.326068,0.326068,0.000155,0.326068
0.010352,0.000000,0.000003,0.000004,0.000010,0.010799,0.000000,0.326225,0.326225,0.000155,0.326225
0.010354,0.000000,0.000003,0.000004,0.000010,0.010476,0.000000,0.326332,0.326332,0.000156,0.326332
0.010355,0.000000,0.000003,0.000004,0.000010,0.010281,0.000000,0.326397,0.326397,0.000155,0.326397
0.010424,0.000000,0.000003,0.000005,0.000011,0.010180,0.000000,0.322047,0.328588,0.000155,0.328588
0.010409,0.000000,0.000003,0.000005,0.000011,0.009815,0.000000,0.322390,0.328607,0.000153,0.328607
0.010408,0.000000,0.000003,0.000005,0.000012,0.009334,0.000000,0.322882,0.328602,0.000153,0.328602
0.010407,0.000000,0.000003,0.000005,0.000012,0.008715,0.000000,0.323582,0.328561,0.000152,0.328561
0.010398,0.000000,0.000004,0.000005,0.000013,0.008117,0.000000,0.324766,0.328273,0.000152,0.328273
0.010415,0.000000,0.000004,0.000005,0.000013,0.007670,0.000000,0.324301,0.328720,0.000152,0.328720
0.010420,0.000000,0.000004,0.000005,0.000014,0.007310,0.000000,0.324135,0.328979,0.000153,0.328979
0.010316,0.000000,0.000004,0.000005,0.000014,0.006827,0.000000,0.323864,0.329411,0.000148,0.329411
0.010323,0.000000,0.000004,0.000005,0.000015,0.006528,0.000000,0.323543,0.329715,0.000151,0.329715
0.010370,0.000000,0.000004,0.000006,0.000016,0.006282,0.000000,0.320581,0.331294,0.000154,0.331294
