1.000000,0.000000,0.000000,0.000000,0.000000
0.000000,0.000000,1.000000,0.000000,0.000000
0.462303,0.079680,0.000000,0.209616,0.248402
0.000000,0.000000,0.333333,0.333333,0.333333
0.000000,0.000000,0.000000,0.500000,0.500000
0.000000,0.783434,0.000000,0.000000,0.216566
0.310369,0.000000,0.185868,0.503762,0.000000
0.164982,0.000000,0.040406,0.794612,0.000000
0.847508,0.000000,0.000000,0.000000,0.152492
0.365917,0.365917,0.268167,0.000000,0.000000
0.000000,0.426537,0.144527,0.002400,0.426537
0.271548,0.000000,0.000000,0.530369,0.198083
0.271030,0.000000,0.481949,0.000000,0.247021
0.654407,0.000000,0.340305,0.000000,0.005288
0.000000,0.000000,0.301222,0.000000,0.698778
0.184563,0.193077,0.057728,0.000000,0.564632
0.530620,0.000000,0.335675,0.000000,0.133705
0.427632,0.000000,0.000000,0.300377,0.271991
0.487821,0.000000,0.443059,0.000000,0.069120
0.000000,0.000000,0.000000,0.500000,0.500000
0.224880,0.285831,0.489290,0.000000,0.000000
0.768122,0.000000,0.231878,0.000000,0.000000
0.416378,0.000000,0.583622,0.000000,0.000000
0.416446,0.167107,0.416446,0.000000,0.000000
0.000000,0.000000,0.000000,0.573429,0.426571
0.000000,0.000000,0.280492,0.490618,0.228890
0.605302,0.000000,0.394698,0.000000,0.000000
0.000000,0.373009,0.373009,0.000000,0.253982
0.500000,0.000000,0.000000,0.000000,0.500000
0.298861,0.402947,0.000000,0.182674,0.115519
0.000000,0.000000,1.000000,0.000000,0.000000
1.000000,0.000000,0.000000,0.000000,0.000000
0.027082,0.228847,0.000000,0.000000,0.744071
0.957526,0.000000,0.000000,0.000000,0.042474
0.000000,0.212195,0.388693,0.249367,0.149745
0.000000,0.734264,0.000000,0.265736,0.000000
0.126125,0.293876,0.431116,0.148883,0.000000
0.000000,0.480224,0.039552,0.000000,0.480224
0.469849,0.000000,0.328070,0.000000,0.202081
0.000000,0.289509,0.322284,0.065923,0.322284
0.039998,0.320001,0.000000,0.320001,0.320001
0.140201,0.156121,0.351839,0.351839,0.000000
0.202114,0.000000,0.000000,0.000000,0.797886
0.000000,0.000000,0.394826,0.140067,0.465108
0.105920,0.457572,0.000000,0.326136,0.110372
0.513637,0.000000,0.000000,0.486363,0.000000
0.851970,0.000000,0.136285,0.011746,0.000000
0.000513,0.145748,0.426870,0.000000,0.426870
0.321355,0.000000,0.000000,0.000000,0.678645
0.000000,0.000000,0.000000,0.475908,0.524092
0.000000,1.000000,0.000000,0.000000,0.000000
1.000000,0.000000,0.000000,0.000000,0.000000
0.064238,0.000000,0.000000,0.505081,0.430682
0.332267,0.222286,0.103336,0.342111,0.000000
0.387799,0.612201,0.000000,0.000000,0.000000
0.000000,0.619537,0.000000,0.000000,0.380463
0.000000,0.000000,0.000000,0.000000,1.000000
0.176871,0.062548,0.447237,0.000000,0.313344
0.000000,0.000000,0.000000,1.000000,0.000000
0.000000,0.000000,0.869982,0.130018,0.000000
0.032016,0.333090,0.301805,0.333090,0.000000
0.083106,0.393127,0.393127,0.130640,0.000000
0.000000,0.000000,0.120756,0.879244,0.000000
0.341027,0.073955,0.000000,0.526542,0.058477
0.752265,0.000000,0.105130,0.142605,0.000000
0.595654,0.000000,0.127064,0.277283,0.000000
0.000000,0.000000,1.000000,0.000000,0.000000
0.000000,0.372984,0.042352,0.372984,0.211681
0.000000,0.000000,0.593462,0.076421,0.330118
0.000000,0.000000,0.000000,0.501906,0.498094
0.345723,0.000000,0.166199,0.142355,0.345723
0.486804,0.000000,0.000000,0.513196,0.000000
0.000000,0.000000,0.000000,1.000000,0.000000
0.000000,0.605830,0.172008,0.000000,0.222161
0.000000,0.406244,0.000000,0.000000,0.593756
1.000000,0.000000,0.000000,0.000000,0.000000
0.343316,0.000000,0.000000,0.380759,0.275925
0.064886,0.207919,0.000000,0.727195,0.000000
0.661696,0.000000,0.338305,0.000000,0.000000
0.059165,0.504503,0.000000,0.436332,0.000000
0.000000,0.000000,0.000000,1.000000,0.000000
0.000000,0.518148,0.000000,0.000000,0.481852
0.000000,0.356925,0.000000,0.248966,0.394110
0.000000,0.338822,0.000000,0.000000,0.661178
0.424688,0.000000,0.000000,0.150625,0.424688
0.000000,0.000000,0.000000,1.000000,0.000000
0.070285,0.000000,0.714989,0.000000,0.214726
0.000000,0.000000,0.000000,0.231007,0.768993
0.000000,0.235327,0.000000,0.000000,0.764673
0.045496,0.000000,0.239662,0.361118,0.353724
0.457178,0.000000,0.000000,0.085644,0.457178
0.000000,0.070792,0.000000,0.929208,0.000000
0.171515,0.000000,0.828485,0.000000,0.000000
0.258838,0.209543,0.265809,0.265809,0.000000
0.000000,0.591468,0.000000,0.408532,0.000000
0.432146,0.000000,0.000000,0.567854,0.000000
0.206124,0.368335,0.094975,0.330566,0.000000
0.000000,0.211161,0.337821,0.139331,0.311688
0.384463,0.000000,0.016524,0.384463,0.214551
0.000000,0.000000,1.000000,0.000000,0.000000
0.392369,0.178056,0.000000,0.037207,0.392369
0.000000,0.500000,0.500000,0.000000,0.000000
0.536185,0.000000,0.463815,0.000000,0.000000
0.000000,0.000000,0.000000,1.000000,0.000000
0.000000,0.000000,1.000000,0.000000,0.000000
0.000000,0.000000,1.000000,0.000000,0.000000
1.000000,0.000000,0.000000,0.000000,0.000000
0.000000,0.000000,0.000000,0.000000,1.000000
0.227212,0.308142,0.308142,0.156505,0.000000
0.850080,0.149920,0.000000,0.000000,0.000000
0.000000,0.225251,0.000000,0.000000,0.774749
0.860672,0.000000,0.000000,0.000000,0.139328
0.000000,0.107048,0.892952,0.000000,0.000000
0.655652,0.344347,0.000000,0.000000,0.000000
1.000000,0.000000,0.000000,0.000000,0.000000
0.446440,0.085403,0.319735,0.148422,0.000000
0.021976,0.000000,0.978024,0.000000,0.000000
0.000000,0.000000,0.441641,0.558359,0.000000
0.000000,0.500000,0.000000,0.000000,0.500000
0.000000,0.000000,0.000000,0.000000,1.000000
0.000000,0.000000,0.000000,0.000000,1.000000
0.731528,0.000000,0.268472,0.000000,0.000000
0.000000,0.153394,0.846606,0.000000,0.000000
0.000000,0.000000,0.000000,0.000000,1.000000
0.000000,0.387014,0.612986,0.000000,0.000000
0.000000,0.500000,0.500000,0.000000,0.000000
0.000000,0.000000,0.648688,0.351312,0.000000
0.000000,0.096263,0.680342,0.043759,0.179635
0.171877,0.000000,0.000000,0.000000,0.828123
0.000000,0.310844,0.246655,0.000000,0.442501
0.399458,0.600542,0.000000,0.000000,0.000000
0.506567,0.000000,0.493433,0.000000,0.000000
0.000000,1.000000,0.000000,0.000000,0.000000
0.350913,0.000000,0.360252,0.086209,0.202626
0.000000,0.397908,0.602092,0.000000,0.000000
0.303972,0.148012,0.190371,0.348101,0.009543
0.307532,0.202682,0.000000,0.000000,0.489787
0.186567,0.293520,0.196956,0.253441,0.069517
0.000000,0.000000,0.000000,0.841591,0.158409
0.000000,0.000000,0.885656,0.000000,0.114344
0.259337,0.000000,0.259337,0.221988,0.259337
0.000000,0.443577,0.000000,0.556423,0.000000
0.000000,0.035496,0.303620,0.000000,0.660884
0.353517,0.353517,0.000000,0.000000,0.292967
0.000000,0.000000,0.365566,0.000000,0.634434
0.253178,0.308278,0.334867,0.103678,0.000000
0.302675,0.126170,0.268481,0.302675,0.000000
0.000000,0.000000,0.134368,0.464357,0.401274
0.000000,0.863683,0.000000,0.000000,0.136317
0.264114,0.183094,0.264114,0.262775,0.025902
0.217080,0.000000,0.391460,0.391460,0.000000
0.000000,0.379062,0.000000,0.379062,0.241876
0.412787,0.000000,0.000000,0.412787,0.174426
0.184992,0.000000,0.407504,0.407504,0.000000
0.000000,0.000000,0.000000,0.573979,0.426021
0.298671,0.000000,0.000000,0.464739,0.236590
0.406823,0.406823,0.000000,0.186354,0.000000
0.000000,0.545930,0.000000,0.000000,0.454070
0.000000,0.588533,0.000000,0.397080,0.014388
0.000000,0.000000,1.000000,0.000000,0.000000
0.218050,0.583054,0.180986,0.017910,0.000000
1.000000,0.000000,0.000000,0.000000,0.000000
0.000000,0.213758,0.522673,0.000000,0.263569
0.659774,0.000000,0.340226,0.000000,0.000000
0.393923,0.000000,0.000000,0.606077,0.000000
0.079861,0.496726,0.000000,0.222656,0.200757
0.239829,0.402857,0.000000,0.357315,0.000000
0.455677,0.035496,0.053149,0.000000,0.455677
0.000000,0.000000,0.295247,0.000000,0.704753
0.000000,1.000000,0.000000,0.000000,0.000000
0.176196,0.000000,0.411902,0.000000,0.411902
0.000000,0.000000,1.000000,0.000000,0.000000
0.427141,0.000000,0.572859,0.000000,0.000000
0.000000,0.000000,0.467525,0.532475,0.000000
0.000000,0.479843,0.348168,0.000000,0.171990
0.000000,0.720661,0.000000,0.130188,0.149151
0.000000,0.000000,0.000000,0.000000,1.000000
0.000000,0.000000,0.668456,0.000000,0.331544
0.202995,0.092174,0.000000,0.086768,0.618063
0.000000,0.043527,0.392117,0.000000,0.564356
0.000000,0.000000,1.000000,0.000000,0.000000
0.000000,0.000000,1.000000,0.000000,0.000000
0.000000,0.000000,0.000000,1.000000,0.000000
0.258647,0.272848,0.147259,0.000000,0.321246
0.290619,0.704183,0.000000,0.005199,0.000000
0.111916,0.000000,0.325344,0.562739,0.000000
0.357936,0.000000,0.173517,0.237428,0.231119
0.000000,0.357056,0.357056,0.285887,0.000000
0.000000,0.348209,0.000000,0.258757,0.393034
0.000000,0.000000,1.000000,0.000000,0.000000
1.000000,0.000000,0.000000,0.000000,0.000000
0.000000,0.302627,0.312005,0.073363,0.312005
0.203121,0.000000,0.000000,0.000000,0.796879
0.492887,0.006442,0.000000,0.272098,0.228573
0.000000,0.403894,0.000000,0.066241,0.529865
0.000000,1.000000,0.000000,0.000000,0.000000
0.000000,0.000000,0.000000,0.000000,1.000000
0.543212,0.000000,0.000000,0.456788,0.000000
0.447494,0.000000,0.195019,0.215740,0.141748
0.545591,0.000000,0.089622,0.023837,0.340951
0.861471,0.000000,0.000000,0.000000,0.138529
0.000000,0.387488,0.069522,0.179612,0.363378
0.000000,0.000000,1.000000,0.000000,0.000000
0.316805,0.683195,0.000000,0.000000,0.000000
0.000000,0.279380,0.401148,0.000000,0.319472
0.527010,0.220606,0.252384,0.000000,0.000000
0.571431,0.428569,0.000000,0.000000,0.000000
0.346247,0.317164,0.000000,0.000000,0.336589
0.000000,0.340848,0.659152,0.000000,0.000000
0.000000,0.000000,0.374569,0.374569,0.250862
0.000000,0.000000,0.000000,0.000000,1.000000
0.357578,0.000000,0.642422,0.000000,0.000000
0.000000,0.000000,1.000000,0.000000,0.000000
0.000000,0.000000,0.000000,0.000000,1.000000
0.001296,0.315744,0.682960,0.000000,0.000000
0.000000,0.421173,0.000000,0.000000,0.578828
0.000000,0.141809,0.000000,0.000000,0.858191
0.028067,0.423633,0.124667,0.000000,0.423633
0.080717,0.520813,0.342859,0.000000,0.055611
1.000000,0.000000,0.000000,0.000000,0.000000
0.000000,0.330119,0.400913,0.000000,0.268967
0.000000,0.000000,0.000000,0.000000,1.000000
0.000000,0.000000,0.375987,0.375987,0.248025
0.000000,0.408628,0.000000,0.182745,0.408628
0.101647,0.000000,0.060862,0.837490,0.000000
0.000000,0.000000,0.000000,1.000000,0.000000
0.000000,0.000000,0.451997,0.451997,0.096005
0.000000,0.233795,0.000000,0.000000,0.766205
0.000000,0.397337,0.387437,0.215225,0.000000
0.288825,0.000000,0.288825,0.279147,0.143203
0.000000,0.179745,0.000000,0.000000,0.820255
0.000000,0.802042,0.000000,0.000000,0.197958
0.000000,0.366518,0.000000,0.000000,0.633482
0.750442,0.000000,0.249558,0.000000,0.000000
0.000000,0.371870,0.000000,0.256261,0.371870
0.152294,0.000000,0.000000,0.448132,0.399574
0.664318,0.000000,0.024694,0.000000,0.310987
0.000000,0.000000,0.000000,0.000000,1.000000
0.333333,0.333333,0.000000,0.000000,0.333333
0.157142,0.421429,0.000000,0.000000,0.421429
0.347738,0.000000,0.304525,0.000000,0.347738
0.000000,0.568141,0.431859,0.000000,0.000000
0.000000,0.305478,0.000000,0.347261,0.347261
0.019885,0.000000,0.980115,0.000000,0.000000
0.000000,1.000000,0.000000,0.000000,0.000000
0.178494,0.349407,0.342564,0.129535,0.000000
0.250000,0.250000,0.250000,0.000000,0.250000
0.305281,0.305281,0.179150,0.000000,0.210289
0.300842,0.000000,0.000000,0.000000,0.699158
0.000000,0.000000,0.000000,0.000000,1.000000
0.000000,0.497216,0.000000,0.000000,0.502784
0.000000,0.000000,0.000000,0.622222,0.377778
0.000000,0.000000,0.709384,0.168255,0.122361
0.000000,0.610493,0.000000,0.171530,0.217976
0.000000,0.000000,0.000000,1.000000,0.000000
0.045719,0.954281,0.000000,0.000000,0.000000
0.639375,0.000000,0.000000,0.000000,0.360625
0.215661,0.000000,0.081172,0.000000,0.703167
0.337118,0.000000,0.510107,0.000000,0.152775
0.000000,0.669374,0.036685,0.000000,0.293941
0.272750,0.272750,0.070487,0.111263,0.272750
0.973547,0.026453,0.000000,0.000000,0.000000
0.000000,0.500581,0.000000,0.499419,0.000000
0.000000,0.000000,1.000000,0.000000,0.000000
0.000000,0.982003,0.000000,0.017997,0.000000
0.333333,0.333333,0.000000,0.333333,0.000000
0.000000,0.000000,0.958922,0.000000,0.041078
0.000000,0.000000,0.912612,0.087388,0.000000
0.327169,0.000000,0.672831,0.000000,0.000000
0.123373,0.219157,0.219157,0.219157,0.219157
0.000000,0.000000,0.000000,0.500000,0.500000
0.000000,0.000000,0.000000,0.190611,0.809389
0.000000,0.176706,0.332069,0.491225,0.000000
1.000000,0.000000,0.000000,0.000000,0.000000
0.000000,0.000000,0.000000,0.519662,0.480338
0.194544,0.000000,0.000000,0.465408,0.340048
0.542023,0.057581,0.104550,0.295846,0.000000
0.083187,0.154886,0.000000,0.348081,0.413845
0.000000,0.347509,0.000000,0.652492,0.000000
0.324669,0.106039,0.385587,0.183706,0.000000
0.000000,0.481962,0.000000,0.036077,0.481962
0.196489,0.115797,0.000000,0.453286,0.234428
0.401412,0.401412,0.197175,0.000000,0.000000
0.439582,0.000000,0.000000,0.560418,0.000000
0.016668,0.000000,0.260291,0.573668,0.149374
0.000000,0.288284,0.007637,0.095946,0.608132
0.367113,0.367113,0.000000,0.000000,0.265775
0.000000,0.236309,0.359880,0.203472,0.200339
0.000000,0.000000,0.000000,0.000000,1.000000
0.328625,0.000000,0.000000,0.671375,0.000000
0.366115,0.033799,0.065842,0.326201,0.208043
0.210363,0.000000,0.388152,0.000000,0.401484
0.000000,0.000000,0.500000,0.500000,0.000000
0.000000,0.690440,0.211695,0.097865,0.000000
0.063809,0.000000,0.270273,0.000000,0.665918
0.000000,0.000000,0.202018,0.000000,0.797982
0.187621,0.000000,0.000000,0.000000,0.812379
0.000000,0.403806,0.000000,0.000000,0.596194
0.000000,0.000000,0.000000,0.448087,0.551913
0.000000,0.000000,0.000000,1.000000,0.000000
0.000000,0.000000,0.500000,0.000000,0.500000
0.397588,0.000000,0.204823,0.397588,0.000000
0.151758,0.177607,0.223545,0.223545,0.223545
0.000000,0.266934,0.378721,0.000000,0.354346
0.087656,0.000000,0.349294,0.211585,0.351464
0.000000,0.000000,0.421785,0.324527,0.253688
0.238580,0.000000,0.214192,0.275291,0.271937
0.346206,0.000000,0.321513,0.332281,0.000000
0.184635,0.416987,0.000000,0.398379,0.000000
0.000000,0.000000,0.971104,0.000000,0.028896
0.000000,0.000000,0.000000,1.000000,0.000000
0.374138,0.064986,0.189428,0.019362,0.352087
0.229437,0.082253,0.229437,0.229437,0.229437
0.098717,0.000000,0.901283,0.000000,0.000000
0.000000,0.270691,0.361789,0.310436,0.057084
0.632405,0.282635,0.000000,0.000000,0.084960
0.500000,0.000000,0.500000,0.000000,0.000000
0.000000,0.000000,1.000000,0.000000,0.000000
0.457209,0.000000,0.201220,0.341571,0.000000
0.000000,0.369785,0.269086,0.000000,0.361129
0.000000,0.431631,0.000000,0.000000,0.568369
0.000000,0.749620,0.250380,0.000000,0.000000
0.168496,0.047503,0.000000,0.000000,0.784001
0.146982,0.499961,0.353057,0.000000,0.000000
0.000000,0.000000,0.000000,0.584676,0.415324
0.000000,0.000000,0.348561,0.000000,0.651439
0.000000,0.000000,0.633426,0.253511,0.113064
0.261839,0.000000,0.478091,0.000000,0.260070
0.000000,0.266611,0.000000,0.097526,0.635864
0.769679,0.000000,0.230321,0.000000,0.000000
0.312513,0.059541,0.312513,0.002920,0.312513
1.000000,0.000000,0.000000,0.000000,0.000000
0.621406,0.000000,0.000000,0.000000,0.378594
0.000000,1.000000,0.000000,0.000000,0.000000
0.000000,0.000000,0.000000,1.000000,0.000000
0.301638,0.301638,0.301638,0.095085,0.000000
0.281464,0.365110,0.353427,0.000000,0.000000
0.514138,0.000000,0.453198,0.032664,0.000000
0.000000,0.000000,0.489457,0.415165,0.095378
0.000000,0.415103,0.000000,0.415103,0.169794
0.000000,0.612430,0.234340,0.000000,0.153230
0.000000,0.500000,0.500000,0.000000,0.000000
0.000000,0.000000,0.000000,0.059199,0.940801
0.117565,0.000000,0.153828,0.268797,0.459809
0.000000,0.500000,0.000000,0.000000,0.500000
0.000000,0.565219,0.000000,0.226628,0.208153
0.000000,0.000000,0.427790,0.000000,0.572210
0.000000,0.377986,0.398827,0.067163,0.156024
0.645065,0.142094,0.000000,0.212841,0.000000
0.000000,0.000000,0.591429,0.000000,0.408571
0.373328,0.249851,0.003883,0.199617,0.173321
0.005201,0.353105,0.353105,0.184661,0.103927
0.000000,0.000000,0.000000,0.000000,1.000000
1.000000,0.000000,0.000000,0.000000,0.000000
0.000000,0.979490,0.000000,0.020510,0.000000
0.000000,0.737422,0.000000,0.262578,0.000000
1.000000,0.000000,0.000000,0.000000,0.000000
0.000000,0.000000,0.390167,0.047736,0.562097
0.000000,1.000000,0.000000,0.000000,0.000000
0.000000,0.000000,0.361289,0.336591,0.302120
0.340234,0.319531,0.000000,0.000000,0.340234
0.083778,0.849819,0.000000,0.000000,0.066403
0.000000,0.000000,0.000000,1.000000,0.000000
0.000000,0.000000,0.000000,1.000000,0.000000
0.504409,0.000000,0.000000,0.000000,0.495591
0.042876,0.000000,0.000000,0.000000,0.957124
0.000000,0.000000,0.728627,0.000000,0.271373
0.725658,0.000000,0.274342,0.000000,0.000000
0.000000,0.000000,0.000000,0.000000,1.000000
1.000000,0.000000,0.000000,0.000000,0.000000
0.049259,0.000000,0.555837,0.394904,0.000000
0.000000,0.336062,0.336062,0.327876,0.000000
0.226858,0.147044,0.000000,0.440429,0.185669
0.475292,0.000000,0.249947,0.273891,0.000870
0.178642,0.363156,0.363156,0.000000,0.095046
0.316555,0.000000,0.346378,0.185137,0.151930
0.000000,0.564159,0.435841,0.000000,0.000000
0.026893,0.000000,0.486553,0.000000,0.486553
0.000000,0.600046,0.000000,0.399954,0.000000
0.518181,0.000000,0.000000,0.481819,0.000000
0.146931,0.853069,0.000000,0.000000,0.000000
0.000000,0.453209,0.000000,0.453209,0.093583
0.000000,0.000000,0.269389,0.000000,0.730611
0.221250,0.114999,0.221250,0.221250,0.221250
0.000000,0.792829,0.000000,0.207171,0.000000
0.172692,0.248857,0.096475,0.233118,0.248857
0.479381,0.373230,0.147389,0.000000,0.000000
0.082154,0.000000,0.000000,0.323860,0.593987
0.681746,0.318254,0.000000,0.000000,0.000000
0.000000,0.000000,0.000000,1.000000,0.000000
0.000000,0.000000,1.000000,0.000000,0.000000
0.000000,0.000000,0.000000,1.000000,0.000000
0.000000,0.261580,0.000000,0.000000,0.738420
0.000000,1.000000,0.000000,0.000000,0.000000
0.309018,0.203446,0.487536,0.000000,0.000000
0.000000,1.000000,0.000000,0.000000,0.000000
0.237642,0.237642,0.237642,0.049434,0.237642
0.141937,0.304089,0.000000,0.000000,0.553974
0.371838,0.573349,0.000000,0.042929,0.011883
0.323725,0.354961,0.000000,0.000000,0.321315
0.280732,0.195120,0.000000,0.330998,0.193150
0.000000,0.229763,0.190134,0.580103,0.000000
0.000000,0.000000,0.000000,1.000000,0.000000
0.359447,0.000000,0.000000,0.342892,0.297661
0.000000,0.000000,0.000000,1.000000,0.000000
0.333333,0.333333,0.333333,0.000000,0.000000
0.000000,0.000000,0.000000,0.000000,1.000000
1.000000,0.000000,0.000000,0.000000,0.000000
0.563700,0.000000,0.000000,0.161072,0.275229
0.000000,0.000000,1.000000,0.000000,0.000000
0.000000,0.445944,0.554056,0.000000,0.000000
0.000000,0.452158,0.547842,0.000000,0.000000
0.000000,0.333333,0.333333,0.333333,0.000000
0.403516,0.000000,0.203682,0.000000,0.392803
0.075269,0.000000,0.516963,0.000000,0.407767
0.287255,0.000000,0.154468,0.299525,0.258751
0.148576,0.131855,0.000000,0.719569,0.000000
0.000000,0.267479,0.000000,0.000000,0.732521
0.698593,0.000000,0.000000,0.000000,0.301407
0.000000,1.000000,0.000000,0.000000,0.000000
0.000000,0.000000,1.000000,0.000000,0.000000
0.000000,0.243809,0.000000,0.436536,0.319655
0.711751,0.000000,0.000000,0.000000,0.288249
0.213492,0.000000,0.341048,0.341048,0.104412
0.070724,0.320592,0.145234,0.142858,0.320592
1.000000,0.000000,0.000000,0.000000,0.000000
0.497921,0.000000,0.502079,0.000000,0.000000
0.353217,0.415411,0.231372,0.000000,0.000000
0.193801,0.403100,0.000000,0.000000,0.403100
0.000000,0.000000,1.000000,0.000000,0.000000
0.223225,0.000000,0.000000,0.000000,0.776775
0.000000,0.523049,0.000000,0.000000,0.476951
0.390558,0.218302,0.040933,0.055115,0.295091
1.000000,0.000000,0.000000,0.000000,0.000000
0.000000,0.352014,0.647986,0.000000,0.000000
0.160098,0.373375,0.466528,0.000000,0.000000
0.037768,0.340220,0.001831,0.268508,0.351672
0.500000,0.000000,0.500000,0.000000,0.000000
0.000000,0.752184,0.000000,0.000000,0.247816
0.048736,0.000000,0.458648,0.492616,0.000000
0.000000,0.594176,0.405824,0.000000,0.000000
0.980308,0.000000,0.019692,0.000000,0.000000
0.404053,0.404053,0.191895,0.000000,0.000000
0.444171,0.000000,0.111659,0.000000,0.444171
0.519783,0.024258,0.214564,0.241395,0.000000
0.174017,0.275328,0.275328,0.000000,0.275328
0.000000,0.000000,0.664895,0.335105,0.000000
0.374908,0.000000,0.250184,0.000000,0.374908
0.000000,0.000000,0.405114,0.243130,0.351756
0.070342,0.000000,0.000000,0.464829,0.464829
0.000000,0.000699,0.000000,0.999301,0.000000
0.149123,0.286503,0.060221,0.436223,0.067930
0.309475,0.000000,0.000000,0.345263,0.345263
0.000000,0.000000,0.666486,0.333514,0.000000
0.000000,0.482028,0.004508,0.513464,0.000000
0.000000,0.000000,0.000000,0.197553,0.802447
0.812098,0.000000,0.187902,0.000000,0.000000
0.000000,0.691699,0.000000,0.000000,0.308301
0.068408,0.931592,0.000000,0.000000,0.000000
0.333333,0.333333,0.000000,0.333333,0.000000
0.385584,0.083965,0.385584,0.144867,0.000000
0.000000,1.000000,0.000000,0.000000,0.000000
0.539988,0.000000,0.000000,0.460012,0.000000
0.000000,0.000000,0.000000,0.703954,0.296046
0.749392,0.032573,0.000000,0.218035,0.000000
0.249825,0.436998,0.313177,0.000000,0.000000
0.232214,0.002462,0.000000,0.619745,0.145578
0.000000,0.000000,0.000000,1.000000,0.000000
0.467800,0.171458,0.360742,0.000000,0.000000
0.000000,0.486309,0.000000,0.095445,0.418246
0.000000,0.000000,0.000000,0.020947,0.979053
0.268222,0.000000,0.091690,0.640088,0.000000
0.264347,0.000000,0.377888,0.000000,0.357765
0.000000,0.722221,0.000000,0.277779,0.000000
0.365259,0.118427,0.000000,0.151055,0.365259
0.545694,0.000000,0.454306,0.000000,0.000000
0.000000,0.477644,0.000000,0.522356,0.000000
0.174392,0.222189,0.285174,0.318244,0.000000
0.000000,0.000000,0.551243,0.448757,0.000000
0.384930,0.000000,0.384930,0.208887,0.021254
0.750507,0.000000,0.249493,0.000000,0.000000
0.620920,0.000000,0.000000,0.000000,0.379080
0.506268,0.000000,0.242797,0.000000,0.250935
1.000000,0.000000,0.000000,0.000000,0.000000
0.293173,0.000000,0.000000,0.000000,0.706827
0.000000,0.000000,0.231594,0.243503,0.524903
0.000000,0.000000,0.445675,0.074490,0.479835
0.341449,0.186277,0.130824,0.000000,0.341449
0.272193,0.137083,0.206324,0.112206,0.272193
0.828972,0.000000,0.171028,0.000000,0.000000
0.000000,0.000000,0.353814,0.301649,0.344537
1.000000,0.000000,0.000000,0.000000,0.000000
0.329739,0.000000,0.000000,0.000000,0.670261
0.397696,0.210581,0.391723,0.000000,0.000000
0.085475,0.000000,0.914525,0.000000,0.000000
0.578749,0.270812,0.009729,0.000000,0.140710
0.558322,0.324174,0.000000,0.000000,0.117504
0.607215,0.392785,0.000000,0.000000,0.000000
0.000000,0.000000,0.118050,0.517917,0.364032
0.353130,0.000000,0.646870,0.000000,0.000000
0.032135,0.000000,0.885530,0.000000,0.082336
0.259995,0.259995,0.259995,0.220014,0.000000
0.052872,0.000000,0.000000,0.947128,0.000000
0.279677,0.235326,0.484997,0.000000,0.000000
0.019061,0.160114,0.203976,0.616850,0.000000
0.000000,0.536789,0.000000,0.000000,0.463211
0.545487,0.000000,0.248687,0.000000,0.205826
0.000000,0.000000,0.597582,0.000000,0.402418
1.000000,0.000000,0.000000,0.000000,0.000000
0.000000,0.288223,0.135712,0.576065,0.000000
0.000000,0.297375,0.627407,0.000000,0.075219
0.000000,0.256017,0.406808,0.337176,0.000000
0.363027,0.128642,0.363027,0.145304,0.000000
0.000000,0.000000,0.307523,0.000000,0.692477
0.000000,0.606882,0.187043,0.000000,0.206075
0.000000,0.000000,0.353518,0.000000,0.646482
0.000000,0.234915,0.000000,0.765085,0.000000
0.000000,0.000000,0.472600,0.527400,0.000000
0.000000,0.000000,1.000000,0.000000,0.000000
0.000000,1.000000,0.000000,0.000000,0.000000
0.540750,0.431350,0.027900,0.000000,0.000000
0.178060,0.821940,0.000000,0.000000,0.000000
0.028343,0.000000,0.504947,0.466710,0.000000
0.188509,0.278337,0.000000,0.533154,0.000000
0.143053,0.000000,0.856947,0.000000,0.000000
0.350220,0.000000,0.488829,0.000000,0.160952
0.748628,0.000000,0.251372,0.000000,0.000000
0.000000,0.000000,1.000000,0.000000,0.000000
0.240592,0.000000,0.272151,0.000000,0.487257
0.000000,0.111694,0.888306,0.000000,0.000000
0.000000,0.164899,0.000000,0.835101,0.000000
0.000000,0.421410,0.421410,0.126577,0.030604
0.000000,0.000000,0.812088,0.000000,0.187912
0.118333,0.418924,0.462743,0.000000,0.000000
0.000000,0.191171,0.550133,0.258696,0.000000
0.413630,0.314451,0.000000,0.000000,0.271919
0.000000,0.000000,0.000000,1.000000,0.000000
0.000000,1.000000,0.000000,0.000000,0.000000
0.309792,0.690208,0.000000,0.000000,0.000000
0.081253,0.424040,0.424040,0.000000,0.070667
0.000000,0.516547,0.000000,0.000000,0.483453
0.480540,0.339465,0.000000,0.000000,0.179995
0.320124,0.342411,0.337465,0.000000,0.000000
0.000000,0.387838,0.224323,0.387838,0.000000
0.000000,0.441855,0.009458,0.548687,0.000000
0.333333,0.333333,0.333333,0.000000,0.000000
0.000000,0.000000,0.000000,0.308197,0.691803
0.000000,0.000000,1.000000,0.000000,0.000000
0.000000,0.000000,0.460558,0.539442,0.000000
0.282859,0.000000,0.080212,0.000000,0.636929
0.000000,0.189707,0.400107,0.000000,0.410186
0.000000,0.403942,0.403942,0.000000,0.192116
0.273208,0.000000,0.272727,0.213030,0.241035
0.000000,1.000000,0.000000,0.000000,0.000000
0.460927,0.000000,0.539073,0.000000,0.000000
0.390523,0.000000,0.340616,0.000000,0.268861
0.487838,0.000000,0.111402,0.400760,0.000000
0.310948,0.034442,0.310948,0.310948,0.032715
0.000000,0.000000,0.491890,0.000000,0.508110
0.000000,0.000000,0.179278,0.000000,0.820722
0.000000,0.000000,0.500000,0.500000,0.000000
0.247457,0.000000,0.000000,0.752543,0.000000
0.086062,0.373717,0.000000,0.540221,0.000000
0.000000,0.265124,0.293433,0.301768,0.139675
0.000000,0.000000,1.000000,0.000000,0.000000
0.134414,0.000000,0.865586,0.000000,0.000000
0.036229,0.200474,0.451906,0.311390,0.000000
0.333333,0.000000,0.000000,0.333333,0.333333
0.264731,0.352511,0.000000,0.135914,0.246844
0.000000,0.000000,0.353627,0.532118,0.114254
0.266961,0.000000,0.000000,0.000000,0.733039
0.000000,1.000000,0.000000,0.000000,0.000000
0.500000,0.000000,0.500000,0.000000,0.000000
1.000000,0.000000,0.000000,0.000000,0.000000
0.418211,0.258049,0.049529,0.274212,0.000000
0.297744,0.000000,0.000000,0.702256,0.000000
0.000000,1.000000,0.000000,0.000000,0.000000
1.000000,0.000000,0.000000,0.000000,0.000000
0.022802,0.358963,0.102776,0.156496,0.358963
0.141278,0.246167,0.188342,0.249623,0.174589
0.000000,0.007071,0.198981,0.566872,0.227077
0.411728,0.020310,0.552892,0.000000,0.015070
0.230418,0.230418,0.162690,0.146055,0.230418
0.484672,0.117775,0.374595,0.022958,0.000000
0.050869,0.460998,0.000000,0.000000,0.488133
0.339250,0.197103,0.220863,0.000000,0.242784
0.369672,0.000000,0.242710,0.387618,0.000000
0.329534,0.130122,0.210811,0.329534,0.000000
0.799114,0.000000,0.200886,0.000000,0.000000
0.000000,0.141801,0.429100,0.000000,0.429100
0.000000,0.011634,0.000000,0.068268,0.920098
0.287756,0.000000,0.000000,0.255231,0.457013
0.487231,0.000000,0.025537,0.487231,0.000000
0.000000,0.623940,0.000000,0.000000,0.376060
0.301184,0.000000,0.119266,0.301184,0.278366
0.000000,0.000000,0.000000,0.000000,1.000000
0.000000,0.663727,0.000000,0.000000,0.336273
0.653957,0.000000,0.277837,0.000000,0.068206
0.221031,0.205537,0.000000,0.255090,0.318342
0.352036,0.000000,0.007095,0.640869,0.000000
0.000000,0.000000,0.000000,1.000000,0.000000
0.000000,0.339834,0.311129,0.339834,0.009204
1.000000,0.000000,0.000000,0.000000,0.000000
0.000000,0.000000,1.000000,0.000000,0.000000
0.000000,0.000000,0.463799,0.000000,0.536201
0.847183,0.000000,0.152817,0.000000,0.000000
0.000000,0.000000,1.000000,0.000000,0.000000
0.000000,0.635876,0.000000,0.364124,0.000000
0.122032,0.438984,0.000000,0.000000,0.438984
0.289834,0.000000,0.289834,0.130497,0.289834
0.000000,0.000000,0.000000,0.000000,1.000000
1.000000,0.000000,0.000000,0.000000,0.000000
0.000000,1.000000,0.000000,0.000000,0.000000
0.025078,0.000000,0.974922,0.000000,0.000000
0.196849,0.149683,0.000000,0.653468,0.000000
0.000000,0.342440,0.293560,0.364000,0.000000
0.462209,0.000000,0.000000,0.274580,0.263211
0.000000,0.000000,0.000000,0.429520,0.570480
0.000000,0.000000,0.000000,1.000000,0.000000
0.000000,0.459390,0.247196,0.293414,0.000000
0.000000,0.000000,0.448492,0.000000,0.551508
0.000000,0.212215,0.375814,0.182343,0.229628
0.492740,0.000000,0.000000,0.000000,0.507260
0.022441,0.000000,0.277173,0.350193,0.350193
0.000000,0.416019,0.000000,0.583981,0.000000
0.000000,0.212688,0.648071,0.000000,0.139241
0.283866,0.358067,0.358067,0.000000,0.000000
0.398508,0.263253,0.211291,0.000000,0.126948
0.022650,0.000000,0.000000,0.495234,0.482116
0.328609,0.444347,0.227044,0.000000,0.000000
0.000000,0.464277,0.000000,0.535723,0.000000
0.000000,0.000000,0.000000,1.000000,0.000000
0.000000,0.952186,0.047814,0.000000,0.000000
0.253985,0.000000,0.000000,0.373007,0.373007
0.000000,0.081012,0.214977,0.183430,0.520581
0.000000,0.000000,0.000000,0.000000,1.000000
0.091559,0.057098,0.851344,0.000000,0.000000
0.710784,0.289216,0.000000,0.000000,0.000000
0.000000,0.394385,0.605615,0.000000,0.000000
0.000000,0.000000,0.203697,0.203279,0.593023
0.319357,0.239199,0.326301,0.115143,0.000000
0.000000,0.000000,0.000000,0.000000,1.000000
0.102409,0.289484,0.099005,0.334855,0.174247
0.198580,0.147902,0.246323,0.160872,0.246323
0.000000,0.000000,0.907657,0.000000,0.092343
0.000000,0.000000,0.635871,0.184668,0.179460
0.000000,1.000000,0.000000,0.000000,0.000000
0.000000,0.208364,0.394886,0.396750,0.000000
0.000000,0.000000,1.000000,0.000000,0.000000
0.349081,0.349081,0.000000,0.000000,0.301838
1.000000,0.000000,0.000000,0.000000,0.000000
0.661289,0.000000,0.338711,0.000000,0.000000
0.428867,0.000000,0.571133,0.000000,0.000000
1.000000,0.000000,0.000000,0.000000,0.000000
0.024384,0.362704,0.000000,0.311809,0.301103
0.000000,0.374154,0.000000,0.000000,0.625846
0.237668,0.000000,0.250705,0.000000,0.511627
0.550481,0.000000,0.449519,0.000000,0.000000
0.000000,0.000000,1.000000,0.000000,0.000000
0.294479,0.000000,0.132625,0.278418,0.294479
0.000000,0.000000,0.910227,0.000000,0.089773
0.117331,0.429023,0.000000,0.453646,0.000000
0.000000,0.316889,0.683111,0.000000,0.000000
0.312470,0.000000,0.665114,0.022415,0.000000
0.951273,0.000000,0.048727,0.000000,0.000000
0.000000,0.308877,0.152455,0.071067,0.467600
0.307946,0.452101,0.000000,0.000000,0.239953
0.275645,0.000000,0.265993,0.458362,0.000000
0.201070,0.241953,0.241953,0.073072,0.241953
0.676588,0.323412,0.000000,0.000000,0.000000
0.648467,0.351533,0.000000,0.000000,0.000000
0.086159,0.544402,0.000000,0.000000,0.369439
0.548155,0.000000,0.282243,0.000000,0.169602
1.000000,0.000000,0.000000,0.000000,0.000000
0.000000,0.330197,0.669803,0.000000,0.000000
0.241598,0.184140,0.000000,0.574261,0.000000
0.083154,0.681176,0.000000,0.000000,0.235670
0.000000,0.112344,0.000000,0.778879,0.108777
0.000000,0.016896,0.723545,0.027431,0.232128
0.410883,0.067288,0.129469,0.000000,0.392361
0.000000,0.000000,0.712572,0.287429,0.000000
0.504819,0.000000,0.000000,0.285111,0.210070
0.000000,0.000000,0.000000,0.000000,1.000000
0.000000,0.816150,0.000000,0.183849,0.000000
0.290469,0.442126,0.000000,0.000000,0.267405
0.856285,0.000000,0.000000,0.143715,0.000000
0.000000,0.000000,0.000000,0.000000,1.000000
0.446167,0.000000,0.000000,0.000000,0.553833
0.000000,0.000000,1.000000,0.000000,0.000000
0.000000,0.097676,0.502249,0.000000,0.400075
0.561180,0.052196,0.201334,0.000000,0.185290
0.313527,0.000000,0.123894,0.157421,0.405159
0.000000,0.000000,0.000000,1.000000,0.000000
0.000000,0.000000,0.000000,0.679206,0.320794
0.028118,0.203403,0.375689,0.310941,0.081849
0.000000,0.000000,0.075313,0.298192,0.626496
0.167667,0.240710,0.000000,0.591623,0.000000
0.000000,0.000000,0.000000,0.000000,1.000000
0.472086,0.000000,0.527914,0.000000,0.000000
0.000000,0.498584,0.501416,0.000000,0.000000
0.000000,0.220811,0.378677,0.400512,0.000000
0.333333,0.000000,0.333333,0.000000,0.333333
0.202108,0.429647,0.368245,0.000000,0.000000
0.419890,0.000000,0.580110,0.000000,0.000000
0.214016,0.000000,0.392992,0.000000,0.392992
0.000000,0.000000,0.000000,0.000000,1.000000
0.269539,0.000000,0.105254,0.570378,0.054828
0.000000,0.143994,0.000000,0.856006,0.000000
0.000000,0.288660,0.000000,0.711340,0.000000
0.000000,0.000000,1.000000,0.000000,0.000000
0.070416,0.508623,0.073081,0.000000,0.347880
0.000000,0.000000,0.000000,0.000000,1.000000
0.000000,0.000000,0.963160,0.036840,0.000000
0.199133,0.266956,0.266956,0.266956,0.000000
0.455408,0.000000,0.000000,0.544592,0.000000
0.485901,0.000000,0.028198,0.485901,0.000000
0.000000,0.072515,0.000000,0.655593,0.271892
0.380067,0.000000,0.619933,0.000000,0.000000
0.000000,0.039662,0.022072,0.538256,0.400010
0.124339,0.000000,0.000000,0.001898,0.873763
0.136067,0.328079,0.328079,0.164683,0.043092
0.000000,0.000000,0.000000,0.000000,1.000000
0.000000,0.000000,0.135615,0.864385,0.000000
0.000000,0.000000,0.000000,1.000000,0.000000
0.299835,0.299835,0.100496,0.299835,0.000000
0.439308,0.000000,0.265924,0.000000,0.294768
0.149299,0.803739,0.000000,0.046962,0.000000
0.000000,0.000000,1.000000,0.000000,0.000000
0.625095,0.000000,0.000000,0.374905,0.000000
0.000000,0.000000,0.000000,0.000000,1.000000
1.000000,0.000000,0.000000,0.000000,0.000000
0.188513,0.405743,0.405743,0.000000,0.000000
0.057087,0.602833,0.000000,0.000000,0.340080
0.476757,0.523242,0.000000,0.000000,0.000000
0.214246,0.079941,0.311301,0.130235,0.264276
1.000000,0.000000,0.000000,0.000000,0.000000
0.000000,0.300096,0.290281,0.409623,0.000000
0.000000,0.578435,0.000000,0.421565,0.000000
0.000000,0.484225,0.000000,0.432080,0.083695
0.019175,0.000000,0.347965,0.632860,0.000000
0.000000,0.000000,0.000000,0.000000,1.000000
0.000000,0.147910,0.097249,0.166181,0.588660
1.000000,0.000000,0.000000,0.000000,0.000000
0.372150,0.267274,0.000000,0.000000,0.360577
0.000000,0.000000,0.000000,0.000000,1.000000
0.542087,0.000000,0.423962,0.000000,0.033952
0.194686,0.141499,0.103768,0.195855,0.364192
0.000000,0.314793,0.398727,0.000000,0.286480
0.572525,0.129714,0.000000,0.000000,0.297761
0.000000,0.000000,0.500000,0.000000,0.500000
0.000000,0.133567,0.120291,0.000000,0.746142
0.024166,0.000000,0.508877,0.466957,0.000000
0.000000,0.414118,0.086309,0.499572,0.000000
0.000000,0.170090,0.000000,0.000000,0.829910
0.000000,0.369462,0.000000,0.457466,0.173072
0.381270,0.000000,0.618730,0.000000,0.000000
0.000000,0.000000,0.000000,0.092622,0.907378
0.000000,0.107370,0.892630,0.000000,0.000000
0.313795,0.405188,0.000000,0.000000,0.281017
0.493502,0.000000,0.506498,0.000000,0.000000
0.000000,0.000000,0.938202,0.000000,0.061798
0.000000,0.254018,0.271535,0.000000,0.474447
0.000000,0.000000,0.674232,0.000000,0.325768
0.000000,0.686872,0.311315,0.001813,0.000000
0.955495,0.000000,0.000000,0.000000,0.044505
1.000000,0.000000,0.000000,0.000000,0.000000
0.000000,0.382411,0.235177,0.382411,0.000000
0.000000,0.000000,0.456712,0.000000,0.543288
0.000000,0.497239,0.000000,0.129531,0.373230
0.238721,0.000000,0.347625,0.000000,0.413655
0.601726,0.398274,0.000000,0.000000,0.000000
0.000000,0.000000,0.384594,0.000000,0.615407
0.000000,0.265422,0.223260,0.245896,0.265422
0.000000,0.458176,0.541824,0.000000,0.000000
0.310896,0.074991,0.310896,0.303216,0.000000
0.000000,0.500000,0.000000,0.000000,0.500000
0.504653,0.495347,0.000000,0.000000,0.000000
0.371611,0.000000,0.128721,0.146609,0.353059
0.294390,0.323979,0.357506,0.000000,0.024126
0.000000,0.071357,0.928643,0.000000,0.000000
0.361981,0.068975,0.361981,0.207063,0.000000
0.000000,0.790029,0.000000,0.117988,0.091983
0.000000,0.328836,0.023855,0.318472,0.328836
0.423534,0.546250,0.000000,0.030216,0.000000
0.333264,0.000000,0.000000,0.594008,0.072728
0.000000,0.382832,0.617168,0.000000,0.000000
0.000000,1.000000,0.000000,0.000000,0.000000
0.367483,0.213323,0.000000,0.000000,0.419194
0.000000,1.000000,0.000000,0.000000,0.000000
0.433938,0.117928,0.447405,0.000728,0.000000
1.000000,0.000000,0.000000,0.000000,0.000000
0.250000,0.250000,0.000000,0.250000,0.250000
0.447849,0.000000,0.000000,0.104302,0.447849
0.000000,0.335433,0.461004,0.000000,0.203563
0.500000,0.000000,0.500000,0.000000,0.000000
0.000000,0.000000,0.863612,0.136388,0.000000
0.000000,0.631665,0.342498,0.000000,0.025837
0.402066,0.322154,0.158225,0.000000,0.117556
0.000000,0.000000,0.000000,1.000000,0.000000
0.000000,0.000000,0.000000,1.000000,0.000000
0.417810,0.365171,0.087568,0.000000,0.129451
0.096513,0.314356,0.068604,0.235611,0.284915
0.261565,0.149620,0.000000,0.366371,0.222443
0.696555,0.000000,0.000000,0.303445,0.000000
0.356694,0.044575,0.368257,0.000000,0.230474
0.263174,0.000000,0.349482,0.000000,0.387344
0.186727,0.000000,0.194984,0.309144,0.309144
0.000000,0.500000,0.000000,0.000000,0.500000
0.279018,0.715552,0.000000,0.000000,0.005429
0.279838,0.279838,0.216476,0.000000,0.223848
0.000000,0.437272,0.173196,0.272823,0.116709
0.126754,0.097590,0.167609,0.226119,0.381928
0.000000,0.498098,0.498098,0.000000,0.003804
0.777380,0.000000,0.000000,0.222620,0.000000
0.552762,0.184515,0.000000,0.000000,0.262724
0.215788,0.096821,0.494807,0.000000,0.192584
0.365698,0.000000,0.000000,0.352556,0.281745
0.000000,0.000000,1.000000,0.000000,0.000000
1.000000,0.000000,0.000000,0.000000,0.000000
0.000000,0.000000,0.500000,0.000000,0.500000
0.000000,0.566771,0.168476,0.264753,0.000000
0.059463,0.000000,0.290586,0.000000,0.649950
0.000000,0.500000,0.500000,0.000000,0.000000
0.000000,0.685484,0.000000,0.314516,0.000000
0.000000,0.000000,0.000000,0.000000,1.000000
0.000000,0.000000,0.000000,0.000000,1.000000
0.000000,0.270558,0.000000,0.729442,0.000000
0.614635,0.000000,0.335342,0.000000,0.050022
0.397593,0.331340,0.000000,0.271067,0.000000
0.000000,0.596386,0.403614,0.000000,0.000000
0.244097,0.000000,0.281282,0.281282,0.193339
0.000000,0.018102,0.360393,0.360393,0.261112
0.205298,0.000000,0.000000,0.484007,0.310695
0.000000,0.000000,0.166681,0.305458,0.527860
0.000000,0.504445,0.000000,0.495555,0.000000
0.333333,0.000000,0.333333,0.000000,0.333333
0.256196,0.231411,0.256196,0.000000,0.256196
0.154882,0.000000,0.286666,0.271785,0.286666
0.000000,0.000000,0.485187,0.000000,0.514813
0.000000,0.333333,0.333333,0.333333,0.000000
0.220208,0.175776,0.220208,0.163600,0.220208
0.318424,0.318424,0.318424,0.044728,0.000000
0.000000,0.000000,0.260471,0.000000,0.739529
1.000000,0.000000,0.000000,0.000000,0.000000
0.558887,0.175227,0.000000,0.265885,0.000000
0.000000,0.458111,0.000000,0.262423,0.279466
0.000000,0.456607,0.000000,0.543393,0.000000
0.000000,0.000000,0.000000,0.000000,1.000000
0.000000,0.000000,0.000000,0.597396,0.402604
0.225465,0.124806,0.000000,0.330372,0.319357
0.000000,0.000000,0.000000,0.607733,0.392267
0.326295,0.000000,0.673705,0.000000,0.000000
0.000000,0.000000,0.000000,1.000000,0.000000
0.000000,0.000000,0.376272,0.000000,0.623728
0.573713,0.259915,0.000000,0.079976,0.086395
0.176957,0.000000,0.584439,0.238604,0.000000
0.348730,0.164357,0.055188,0.431725,0.000000
0.000000,0.322568,0.000000,0.000000,0.677432
0.048392,0.218418,0.140649,0.228781,0.363761
0.000000,0.183323,0.753757,0.032932,0.029988
0.001683,0.531678,0.376149,0.000000,0.090490
0.000000,0.000000,0.500000,0.500000,0.000000
0.000000,0.000000,0.000000,0.000000,1.000000
0.000000,1.000000,0.000000,0.000000,0.000000
0.000000,0.500000,0.000000,0.500000,0.000000
0.000000,0.000000,0.275869,0.000000,0.724131
0.330741,0.152842,0.516416,0.000000,0.000000
0.000000,0.000000,0.000000,0.000000,1.000000
0.197723,0.401139,0.000000,0.401139,0.000000
0.000000,0.112763,0.887237,0.000000,0.000000
0.072114,0.000000,0.463943,0.463943,0.000000
0.000000,0.000000,0.333333,0.333333,0.333333
0.167238,0.000000,0.000000,0.832762,0.000000
0.291438,0.091865,0.000000,0.000000,0.616697
0.000000,0.000000,1.000000,0.000000,0.000000
0.000000,0.544640,0.303473,0.036400,0.115488
0.438102,0.000000,0.000000,0.000000,0.561898
0.333350,0.261824,0.022916,0.093485,0.288426
0.000000,0.157209,0.292274,0.258191,0.292327
0.000000,0.000000,0.405384,0.099376,0.495240
0.000000,0.203569,0.144439,0.000000,0.651992
0.000000,0.117977,0.000000,0.370636,0.511388
0.000000,1.000000,0.000000,0.000000,0.000000
1.000000,0.000000,0.000000,0.000000,0.000000
0.000000,0.015906,0.000000,0.000000,0.984094
0.269406,0.108947,0.236658,0.032062,0.352927
0.000000,1.000000,0.000000,0.000000,0.000000
0.058662,0.100911,0.000000,0.000000,0.840428
