1.000000,0.000000,0.000000,0.000000,0.000000,0.000000,0.000000
0.000000,0.000000,0.000000,0.000000,0.495297,0.000000,0.504703
0.000000,0.156212,0.529111,0.000000,0.000000,0.000000,0.314678
0.587581,0.366370,0.000000,0.046049,0.000000,0.000000,0.000000
0.000000,0.243438,0.000000,0.219314,0.079147,0.243438,0.214663
0.000000,0.007454,0.080173,0.221735,0.344014,0.274983,0.071642
1.000000,0.000000,0.000000,0.000000,0.000000,0.000000,0.000000
0.072095,0.000000,0.441600,0.486305,0.000000,0.000000,0.000000
0.000000,0.512354,0.023996,0.317487,0.000000,0.146163,0.000000
0.411452,0.000000,0.000000,0.000000,0.048551,0.210488,0.329510
0.000000,0.749408,0.000000,0.000000,0.137652,0.000000,0.112940
0.000000,0.665920,0.334080,0.000000,0.000000,0.000000,0.000000
0.000000,0.305159,0.041092,0.312812,0.312812,0.000000,0.028125
0.251823,0.374088,0.374088,0.000000,0.000000,0.000000,0.000000
0.000000,0.000000,0.692912,0.000000,0.307088,0.000000,0.000000
0.458606,0.027731,0.000000,0.000000,0.513662,0.000000,0.000000
0.000000,0.000000,0.335765,0.000000,0.335765,0.000000,0.328471
1.000000,0.000000,0.000000,0.000000,0.000000,0.000000,0.000000
0.246671,0.246671,0.000000,0.203098,0.201381,0.069381,0.032797
0.000000,0.000000,0.097943,0.000000,0.471976,0.106796,0.323285
0.000000,0.000000,0.000000,0.000000,0.106807,0.893193,0.000000
0.929058,0.000000,0.070942,0.000000,0.000000,0.000000,0.000000
0.000000,0.000000,0.362845,0.000000,0.572521,0.064634,0.000000
0.110028,0.108303,0.138913,0.106322,0.000000,0.298239,0.238194
0.000000,0.000000,0.497337,0.000000,0.242923,0.000000,0.259740
0.241609,0.758391,0.000000,0.000000,0.000000,0.000000,0.000000
0.000000,0.000000,0.000000,0.752619,0.247381,0.000000,0.000000
0.284224,0.000000,0.342614,0.000000,0.000000,0.011581,0.361581
0.049357,0.150573,0.181215,0.239332,0.000000,0.140191,0.239332
0.000000,0.210944,0.246295,0.246295,0.246295,0.050172,0.000000
0.000000,0.000000,0.293187,0.209256,0.000000,0.204371,0.293187
0.035524,0.000000,0.085361,0.397674,0.041598,0.439843,0.000000
0.000000,0.000000,0.265075,0.321684,0.196715,0.216526,0.000000
0.281512,0.201376,0.000000,0.000000,0.032347,0.271161,0.213605
0.226252,0.470078,0.303670,0.000000,0.000000,0.000000,0.000000
0.260182,0.000000,0.271991,0.000000,0.194173,0.273654,0.000000
0.000000,0.000000,0.000000,0.707325,0.292675,0.000000,0.000000
0.000000,0.187937,0.187937,0.187937,0.060313,0.187937,0.187937
0.217684,0.000000,0.204637,0.098244,0.239717,0.239717,0.000000
0.000000,0.214065,0.000000,0.584107,0.000000,0.000000,0.201828
0.249955,0.241868,0.000000,0.249955,0.008266,0.000000,0.249955
0.209097,0.000000,0.164132,0.000000,0.000000,0.626771,0.000000
0.344291,0.000000,0.197225,0.237358,0.221126,0.000000,0.000000
0.000000,0.000000,0.000000,0.000000,0.354657,0.645343,0.000000
0.315958,0.000000,0.257252,0.000000,0.426791,0.000000,0.000000
0.592526,0.000000,0.000000,0.000000,0.407474,0.000000,0.000000
0.502275,0.000000,0.000000,0.000000,0.000000,0.497725,0.000000
0.219450,0.125836,0.032080,0.219450,0.216685,0.186498,0.000000
0.004455,0.067767,0.000000,0.237152,0.237152,0.216322,0.237152
0.402575,0.025167,0.070375,0.000000,0.000000,0.152459,0.349424
0.000000,0.000000,0.000000,0.328842,0.671158,0.000000,0.000000
0.000000,0.000000,0.195442,0.804558,0.000000,0.000000,0.000000
0.600507,0.053876,0.183086,0.000000,0.000000,0.000000,0.162531
0.000000,0.000000,0.473391,0.242298,0.000000,0.284312,0.000000
0.000000,0.680963,0.278521,0.000000,0.000000,0.040515,0.000000
0.422692,0.240165,0.166533,0.170610,0.000000,0.000000,0.000000
0.643811,0.163787,0.000000,0.173345,0.000000,0.019057,0.000000
0.000000,0.076275,0.310630,0.015328,0.287138,0.000000,0.310630
0.281987,0.281987,0.281987,0.000000,0.154039,0.000000,0.000000
0.269246,0.255157,0.000000,0.000000,0.206351,0.000000,0.269246
0.210695,0.000000,0.394653,0.000000,0.000000,0.394653,0.000000
0.932271,0.000000,0.000000,0.000000,0.000000,0.000000,0.067729
0.000000,0.000000,0.475396,0.166648,0.000000,0.000000,0.357956
0.000000,0.414022,0.000000,0.414022,0.171956,0.000000,0.000000
0.324137,0.070287,0.000000,0.000000,0.000000,0.438509,0.167066
1.000000,0.000000,0.000000,0.000000,0.000000,0.000000,0.000000
0.000000,0.000000,0.000000,0.710168,0.000000,0.289832,0.000000
0.448516,0.000000,0.000000,0.000000,0.269504,0.000000,0.281979
0.000000,0.000000,0.000000,1.000000,0.000000,0.000000,0.000000
0.240870,0.000000,0.036520,0.240870,0.000000,0.240870,0.240870
0.000000,0.747645,0.000000,0.000000,0.000000,0.000000,0.252355
0.000000,0.029667,0.288933,0.101054,0.288933,0.288933,0.002481
0.279299,0.000000,0.000000,0.000000,0.720701,0.000000,0.000000
0.137119,0.384024,0.478146,0.000000,0.000000,0.000711,0.000000
0.292587,0.000000,0.264644,0.000000,0.000000,0.070315,0.372454
0.000000,0.998878,0.001122,0.000000,0.000000,0.000000,0.000000
0.000000,0.371895,0.064021,0.172260,0.000000,0.289071,0.102753
0.259046,0.000000,0.000000,0.259046,0.259046,0.024583,0.198280
0.340631,0.000000,0.000000,0.263283,0.000000,0.396086,0.000000
0.000000,0.336425,0.069719,0.000000,0.013583,0.000000,0.580273
0.177356,0.051611,0.191771,0.000000,0.292707,0.071792,0.214762
0.000000,0.218211,0.000000,0.000000,0.781789,0.000000,0.000000
0.000000,0.000000,0.187135,0.812865,0.000000,0.000000,0.000000
0.143505,0.000000,0.299526,0.299526,0.257444,0.000000,0.000000
0.000000,0.000000,0.000000,0.552174,0.000000,0.447826,0.000000
0.243150,0.217831,0.000000,0.084638,0.099962,0.000000,0.354421
0.000000,0.274453,0.336088,0.000000,0.000000,0.389458,0.000000
0.542322,0.000000,0.000000,0.000000,0.315541,0.142137,0.000000
0.000000,0.241042,0.000000,0.000000,0.195783,0.312447,0.250729
0.314546,0.071843,0.000000,0.367456,0.246155,0.000000,0.000000
0.401649,0.100513,0.000000,0.401649,0.000000,0.000000,0.096189
0.260289,0.260289,0.042890,0.058190,0.260289,0.118052,0.000000
0.000000,0.246711,0.171565,0.011323,0.246711,0.107748,0.215942
0.000000,0.145765,0.008163,0.111824,0.107684,0.168346,0.458219
0.356362,0.290591,0.000000,0.148073,0.204974,0.000000,0.000000
0.000000,0.000000,0.372019,0.000000,0.000000,0.627981,0.000000
0.000000,0.000000,0.456514,0.456514,0.000000,0.000000,0.086972
0.316420,0.000000,0.267592,0.414666,0.000000,0.001322,0.000000
0.196323,0.675546,0.000000,0.000000,0.128131,0.000000,0.000000
0.000000,0.330735,0.330735,0.283461,0.055068,0.000000,0.000000
0.350380,0.358721,0.190922,0.069830,0.030147,0.000000,0.000000
0.000000,0.351765,0.000000,0.648235,0.000000,0.000000,0.000000
0.672979,0.000000,0.000000,0.140176,0.000000,0.143535,0.043310
0.000000,0.000000,0.000000,0.000000,0.500000,0.500000,0.000000
0.000000,0.000000,0.000000,0.400346,0.199308,0.400346,0.000000
0.000000,0.000000,0.000000,0.000000,0.000000,0.000000,1.000000
0.000000,0.362418,0.000000,0.340195,0.000000,0.297387,0.000000
0.000000,0.000000,1.000000,0.000000,0.000000,0.000000,0.000000
0.389679,0.000000,0.000000,0.405880,0.082798,0.121643,0.000000
0.262302,0.000000,0.228228,0.191785,0.000000,0.262302,0.055384
0.504122,0.000000,0.000000,0.129496,0.000000,0.366382,0.000000
0.153175,0.000000,0.175362,0.286922,0.032421,0.020218,0.331902
0.000000,0.000000,0.131141,0.000000,0.344976,0.000000,0.523883
0.000000,0.131267,0.366970,0.000000,0.134792,0.000000,0.366970
0.000000,0.092134,0.245959,0.000000,0.218082,0.263882,0.179943
0.000000,0.000000,0.443698,0.000000,0.556302,0.000000,0.000000
0.207543,0.160043,0.047786,0.000000,0.169542,0.207543,0.207543
0.120737,0.000000,0.439632,0.439632,0.000000,0.000000,0.000000
0.587031,0.000000,0.369725,0.000000,0.000000,0.043244,0.000000
0.000000,0.000000,1.000000,0.000000,0.000000,0.000000,0.000000
0.000000,0.000000,0.092862,0.367099,0.000000,0.540040,0.000000
0.167510,0.517259,0.000000,0.000000,0.000000,0.000000,0.315231
0.703976,0.000000,0.000000,0.000000,0.000000,0.296024,0.000000
0.192524,0.000000,0.330629,0.045169,0.101049,0.000000,0.330629
0.307546,0.692454,0.000000,0.000000,0.000000,0.000000,0.000000
0.246077,0.000000,0.158240,0.000000,0.160762,0.074703,0.360217
0.255830,0.305074,0.439096,0.000000,0.000000,0.000000,0.000000
0.293485,0.113429,0.000000,0.000000,0.013376,0.270466,0.309244
0.164069,0.000000,0.357011,0.121910,0.000000,0.357011,0.000000
0.000000,0.344245,0.359418,0.213747,0.000000,0.082589,0.000000
0.000000,0.000000,0.000000,0.500000,0.500000,0.000000,0.000000
0.050085,0.000000,0.222181,0.000000,0.363867,0.363867,0.000000
0.215051,0.052848,0.093572,0.000000,0.151889,0.000000,0.486639
0.264716,0.000000,0.000000,0.669849,0.065435,0.000000,0.000000
0.077858,0.196041,0.195623,0.000000,0.280488,0.249991,0.000000
0.000000,0.000000,0.470000,0.032370,0.470000,0.027630,0.000000
0.000000,0.000000,0.344396,0.000000,0.000000,0.655604,0.000000
0.281738,0.045752,0.193042,0.194762,0.000000,0.284706,0.000000
0.208967,0.000000,0.000000,0.360511,0.000000,0.070011,0.360511
0.244804,0.166144,0.000000,0.000000,0.109313,0.234934,0.244804
0.066271,0.269210,0.269210,0.269210,0.000000,0.126099,0.000000
0.333712,0.333712,0.028881,0.000000,0.078770,0.000000,0.224926
1.000000,0.000000,0.000000,0.000000,0.000000,0.000000,0.000000
0.000000,0.860545,0.037478,0.000000,0.000000,0.101978,0.000000
0.094140,0.000000,0.159625,0.000000,0.000000,0.353807,0.392428
0.000000,0.288883,0.000000,0.000000,0.000000,0.000000,0.711117
0.000000,0.000000,0.000000,0.000000,0.324642,0.634622,0.040736
0.092040,0.000000,0.603710,0.000000,0.000000,0.000000,0.304251
0.403375,0.197921,0.000000,0.000000,0.000000,0.398704,0.000000
0.330476,0.000000,0.267979,0.000000,0.180739,0.220806,0.000000
0.000000,0.109154,0.000000,0.262793,0.359793,0.000000,0.268260
0.000000,0.156141,0.239062,0.212922,0.000000,0.239062,0.152813
0.000000,0.314298,0.024109,0.000000,0.131553,0.230939,0.299101
0.374956,0.000000,0.233905,0.299743,0.000000,0.091396,0.000000
0.342708,0.000000,0.000000,0.288687,0.036310,0.000000,0.332295
0.104597,0.079539,0.194387,0.196362,0.278542,0.146574,0.000000
0.000000,0.000000,0.420364,0.420364,0.159272,0.000000,0.000000
0.000000,0.429368,0.000000,0.194707,0.000000,0.178907,0.197019
0.016001,0.000000,0.000000,0.200142,0.184490,0.368434,0.230933
0.000000,0.000000,0.293916,0.293916,0.051378,0.142103,0.218687
0.156979,0.178809,0.000000,0.006760,0.252905,0.082747,0.321800
0.333333,0.000000,0.333333,0.000000,0.333333,0.000000,0.000000
0.333333,0.333333,0.000000,0.000000,0.333333,0.000000,0.000000
0.000000,0.000000,0.189730,0.000000,0.000000,0.396746,0.413524
0.348991,0.000000,0.000000,0.020118,0.348991,0.120435,0.161467
0.389187,0.148623,0.000000,0.244821,0.217369,0.000000,0.000000
0.392241,0.007923,0.000000,0.000000,0.000000,0.312160,0.287676
0.207294,0.331257,0.062574,0.330881,0.000000,0.000000,0.067994
0.000000,0.000000,0.000000,0.662989,0.000000,0.337011,0.000000
0.279276,0.000000,0.182404,0.059502,0.000000,0.000000,0.478819
0.000000,0.335239,0.335239,0.000000,0.000000,0.000000,0.329522
0.187959,0.000000,0.392071,0.000000,0.006845,0.021053,0.392071
0.288778,0.055318,0.110552,0.000000,0.000000,0.256573,0.288778
0.000000,0.179468,0.001077,0.242476,0.242476,0.242476,0.092025
0.412926,0.000000,0.267334,0.000000,0.000000,0.000000,0.319740
0.048537,0.231879,0.231879,0.223493,0.000000,0.032334,0.231879
0.204408,0.301362,0.192869,0.301362,0.000000,0.000000,0.000000
0.000000,0.632068,0.206672,0.020811,0.000000,0.000000,0.140449
0.000000,0.783844,0.000000,0.000000,0.000000,0.000000,0.216156
0.191427,0.000000,0.188864,0.155053,0.118040,0.323849,0.022767
0.245387,0.440534,0.000000,0.000000,0.000000,0.000000,0.314079
0.244168,0.059194,0.000000,0.000000,0.244168,0.244168,0.208302
0.044441,0.000000,0.137753,0.000000,0.422394,0.000000,0.395412
0.318575,0.000000,0.681425,0.000000,0.000000,0.000000,0.000000
0.213050,0.113668,0.200448,0.000000,0.103886,0.155898,0.213050
0.290072,0.000000,0.211423,0.232581,0.000000,0.265924,0.000000
0.000000,0.000000,0.685850,0.000000,0.000000,0.314150,0.000000
0.000000,0.248078,0.000000,0.122188,0.110459,0.333925,0.185350
0.000000,0.000000,0.000000,1.000000,0.000000,0.000000,0.000000
0.000000,0.523131,0.000000,0.000000,0.233640,0.000000,0.243230
0.065445,0.359151,0.000000,0.000000,0.359151,0.000000,0.216253
0.307202,0.073629,0.067939,0.244028,0.307202,0.000000,0.000000
0.235291,0.247136,0.214791,0.053305,0.247136,0.000000,0.002340
0.000000,0.258740,0.000000,0.000000,0.000000,0.000000,0.741260
0.014541,0.000000,0.053796,0.231718,0.410376,0.000000,0.289569
0.053827,0.138526,0.080941,0.274120,0.170213,0.106619,0.175755
0.000000,0.607208,0.000000,0.000000,0.392792,0.000000,0.000000
0.199278,0.085677,0.129515,0.062136,0.199278,0.168263,0.155852
0.346265,0.337575,0.000000,0.000000,0.316159,0.000000,0.000000
0.000000,0.000000,0.000000,0.335908,0.000000,0.322691,0.341401
0.000000,0.000000,0.383201,0.000000,0.000000,0.399001,0.217798
0.000000,0.000000,0.000000,0.000000,0.362641,0.000000,0.637359
0.063501,0.253690,0.092945,0.253690,0.000000,0.102604,0.233569
0.000000,0.000000,0.000000,0.000000,0.000000,0.000000,1.000000
1.000000,0.000000,0.000000,0.000000,0.000000,0.000000,0.000000
0.000000,0.000000,0.000000,0.679458,0.320542,0.000000,0.000000
0.274818,0.000000,0.000000,0.225700,0.029344,0.349254,0.120884
0.000000,0.000000,0.073047,0.000000,0.926953,0.000000,0.000000
0.078057,0.272583,0.282316,0.275017,0.000000,0.092027,0.000000
0.085277,0.070188,0.288824,0.058869,0.323739,0.000000,0.173103
0.263639,0.000000,0.000000,0.000000,0.272088,0.395597,0.068677
0.382677,0.000000,0.000000,0.188043,0.000000,0.283071,0.146209
0.131926,0.000000,0.208678,0.150192,0.208678,0.208678,0.091848
0.000000,0.468871,0.248208,0.000000,0.282921,0.000000,0.000000
0.000000,0.000000,0.000000,0.394183,0.000000,0.394183,0.211635
1.000000,0.000000,0.000000,0.000000,0.000000,0.000000,0.000000
0.000000,0.086718,0.380823,0.216801,0.000000,0.000000,0.315658
0.000000,0.000000,1.000000,0.000000,0.000000,0.000000,0.000000
0.000000,0.000000,0.000000,0.000000,0.583456,0.000000,0.416544
0.179819,0.000000,0.330088,0.330088,0.100228,0.000000,0.059777
0.000000,0.262269,0.000000,0.256705,0.262269,0.024562,0.194195
0.140197,0.000000,0.276510,0.000000,0.223727,0.045835,0.313731
0.286827,0.000000,0.470473,0.146617,0.000000,0.000000,0.096083
0.000000,0.436311,0.000000,0.000000,0.000000,0.563689,0.000000
0.334211,0.212507,0.453282,0.000000,0.000000,0.000000,0.000000
0.161377,0.000000,0.279684,0.179636,0.262997,0.116306,0.000000
0.176954,0.066852,0.378097,0.000000,0.000000,0.378097,0.000000
0.719550,0.280450,0.000000,0.000000,0.000000,0.000000,0.000000
0.320360,0.000000,0.402559,0.000000,0.000000,0.000000,0.277081
0.000000,0.413921,0.413921,0.094660,0.000000,0.024525,0.052972
0.145930,0.000000,0.226595,0.286638,0.293334,0.047503,0.000000
0.507090,0.000000,0.000000,0.492910,0.000000,0.000000,0.000000
0.211214,0.043601,0.000000,0.281832,0.247570,0.201965,0.013817
0.212276,0.321644,0.114280,0.000000,0.030155,0.321644,0.000000
0.424212,0.000000,0.000000,0.151575,0.424212,0.000000,0.000000
0.000000,0.149823,0.082115,0.036115,0.497765,0.000000,0.234182
0.000000,0.094757,0.257970,0.289478,0.357795,0.000000,0.000000
0.000000,0.260740,0.000000,0.226105,0.000000,0.252414,0.260740
0.000000,0.000000,0.000000,0.000000,0.368158,0.402818,0.229024
0.000000,0.000000,0.443085,0.000000,0.329744,0.000000,0.227171
0.000000,0.000000,0.703257,0.000000,0.296743,0.000000,0.000000
0.000000,1.000000,0.000000,0.000000,0.000000,0.000000,0.000000
0.271520,0.254193,0.103483,0.000000,0.000000,0.082329,0.288475
0.017371,0.000000,0.423537,0.559091,0.000000,0.000000,0.000000
0.000000,0.000000,0.000000,0.220339,0.779661,0.000000,0.000000
0.092741,0.392760,0.000000,0.055301,0.310531,0.000000,0.148668
0.000000,0.000000,0.283421,0.180019,0.208159,0.000000,0.328401
0.000000,0.000000,0.000000,0.000000,0.000000,1.000000,0.000000
0.000000,0.924285,0.000000,0.075715,0.000000,0.000000,0.000000
0.000000,0.612630,0.000000,0.000000,0.387370,0.000000,0.000000
0.000000,0.000000,0.000000,0.000000,0.000000,0.000000,1.000000
0.299063,0.081546,0.000000,0.000000,0.369832,0.000000,0.249560
0.199595,0.078800,0.297878,0.055579,0.000000,0.000000,0.368149
0.000000,0.292804,0.091594,0.134464,0.069875,0.411264,0.000000
0.318880,0.000000,0.000000,0.000000,0.000000,0.003472,0.677648
0.000000,0.179666,0.000000,0.000000,0.000000,0.000000,0.820334
0.478947,0.172792,0.000000,0.000000,0.000000,0.000000,0.348260
0.586205,0.000000,0.413795,0.000000,0.000000,0.000000,0.000000
0.000000,0.208302,0.000000,0.287239,0.000000,0.504460,0.000000
0.095971,0.000000,0.904029,0.000000,0.000000,0.000000,0.000000
0.000000,1.000000,0.000000,0.000000,0.000000,0.000000,0.000000
0.000000,0.000000,0.500000,0.000000,0.000000,0.000000,0.500000
0.250000,0.250000,0.250000,0.000000,0.000000,0.000000,0.250000
0.705731,0.000000,0.000000,0.294269,0.000000,0.000000,0.000000
0.000000,0.047783,0.000000,0.835643,0.000000,0.116574,0.000000
0.000000,0.563046,0.271366,0.000000,0.159524,0.006064,0.000000
0.111187,0.041683,0.306648,0.105090,0.123525,0.285065,0.026802
0.373933,0.000000,0.000000,0.000000,0.272818,0.000000,0.353249
0.159713,0.000000,0.000000,0.000000,0.000000,0.204225,0.636062
0.388385,0.000000,0.174852,0.000000,0.015730,0.421033,0.000000
0.304762,0.000000,0.000000,0.000000,0.490249,0.204989,0.000000
0.751075,0.000000,0.000000,0.000000,0.000000,0.000000,0.248925
0.118157,0.343129,0.000000,0.133537,0.119221,0.037304,0.248651
0.308566,0.000000,0.000000,0.366333,0.000000,0.325101,0.000000
0.383107,0.185651,0.154230,0.277011,0.000000,0.000000,0.000000
0.077944,0.000000,0.055259,0.288932,0.000000,0.288932,0.288932
0.217249,0.106084,0.244602,0.000000,0.178845,0.000000,0.253220
0.000000,0.308336,0.000000,0.074128,0.123974,0.299400,0.194163
0.278942,0.045946,0.278942,0.117229,0.000000,0.278942,0.000000
0.000000,0.000000,0.227745,0.772255,0.000000,0.000000,0.000000
0.180038,0.013294,0.000000,0.225809,0.225809,0.129242,0.225809
0.320416,0.339792,0.000000,0.000000,0.000000,0.000000,0.339792
0.343507,0.000000,0.000000,0.000000,0.443467,0.213027,0.000000
0.022410,0.000000,0.209959,0.044929,0.361359,0.000000,0.361343
0.000000,0.305694,0.000000,0.171390,0.305694,0.156771,0.060452
0.088302,0.455849,0.000000,0.000000,0.455849,0.000000,0.000000
0.000000,0.000000,0.000000,0.604890,0.395110,0.000000,0.000000
0.022429,0.371534,0.336984,0.000000,0.000000,0.269053,0.000000
0.285253,0.266845,0.285253,0.000303,0.000000,0.062000,0.100345
0.000000,0.000000,0.430529,0.000000,0.017759,0.551712,0.000000
0.000000,0.000000,0.091780,0.224512,0.276378,0.276378,0.130951
0.000000,0.071320,0.000000,0.291418,0.000000,0.318631,0.318631
0.159341,0.000000,0.000000,0.005071,0.275255,0.087758,0.472576
0.197652,0.303109,0.143852,0.000000,0.000000,0.000000,0.355386
0.546521,0.000000,0.000000,0.000000,0.453479,0.000000,0.000000
0.000000,0.000000,0.000000,0.386547,0.123756,0.386547,0.103149
0.219638,0.209746,0.000000,0.000000,0.185155,0.219638,0.165824
0.021773,0.318968,0.000000,0.074023,0.000000,0.266269,0.318968
0.000000,0.000000,0.026599,0.000000,0.000000,0.973401,0.000000
0.015072,0.328309,0.328309,0.000000,0.000000,0.328309,0.000000
0.373328,0.439857,0.000000,0.000000,0.186816,0.000000,0.000000
0.000000,0.216721,0.000000,0.000000,0.244798,0.338049,0.200432
0.042966,0.459777,0.177213,0.000000,0.000000,0.115368,0.204677
0.193964,0.000000,0.173210,0.232731,0.000000,0.000000,0.400095
0.000000,0.622749,0.000000,0.253431,0.123820,0.000000,0.000000
0.000000,0.000000,1.000000,0.000000,0.000000,0.000000,0.000000
0.000000,0.000000,0.200002,0.375389,0.001675,0.000000,0.422934
0.000000,0.000000,0.000000,0.000000,0.000000,0.000000,1.000000
0.000000,0.426689,0.000000,0.573311,0.000000,0.000000,0.000000
0.000000,0.628184,0.000000,0.000000,0.000000,0.000000,0.371816
0.244825,0.000000,0.000000,0.005888,0.106000,0.000000,0.643288
0.402985,0.000000,0.000000,0.000000,0.597015,0.000000,0.000000
0.333333,0.000000,0.000000,0.333333,0.000000,0.333333,0.000000
0.153266,0.000000,0.123461,0.723273,0.000000,0.000000,0.000000
0.296745,0.296745,0.057618,0.062998,0.253643,0.032251,0.000000
0.125655,0.161159,0.292732,0.000000,0.420454,0.000000,0.000000
0.034044,0.000000,0.303297,0.000000,0.640146,0.000000,0.022513
0.291046,0.000000,0.000000,0.118806,0.295074,0.000000,0.295074
0.266733,0.154719,0.289274,0.000000,0.000000,0.000000,0.289274
0.458765,0.000000,0.000000,0.458765,0.082470,0.000000,0.000000
0.211349,0.052821,0.361445,0.000000,0.000000,0.374385,0.000000
0.000000,0.000000,0.362841,0.000000,0.432602,0.204557,0.000000
0.196786,0.000000,0.000000,0.297770,0.000000,0.440442,0.065002
0.284799,0.078875,0.000000,0.000000,0.000000,0.552788,0.083539
0.000000,0.000000,0.000000,0.000000,0.304097,0.536010,0.159893
0.249586,0.000000,0.000000,0.413698,0.336716,0.000000,0.000000
0.271795,0.000000,0.000000,0.157876,0.195138,0.346792,0.028399
0.052521,0.270922,0.000000,0.160625,0.000000,0.295673,0.220259
0.000000,0.654170,0.000000,0.000000,0.072704,0.115782,0.157344
0.241571,0.000000,0.005429,0.345014,0.166010,0.000000,0.241976
0.000000,0.000000,0.721607,0.000000,0.000000,0.000000,0.278393
0.000000,0.253885,0.000000,0.463223,0.000000,0.000000,0.282891
0.000000,0.151798,0.386138,0.123119,0.000000,0.000000,0.338945
0.118049,0.297496,0.238017,0.000000,0.346438,0.000000,0.000000
0.265704,0.000000,0.000000,0.000000,0.000000,0.000000,0.734296
0.000000,0.512652,0.000000,0.487348,0.000000,0.000000,0.000000
0.451996,0.000000,0.000000,0.304948,0.082981,0.160075,0.000000
0.000000,0.000000,0.924957,0.075043,0.000000,0.000000,0.000000
0.095015,0.000000,0.173881,0.235431,0.285447,0.000000,0.210225
0.010003,0.502044,0.000000,0.000000,0.096849,0.000000,0.391105
0.000000,0.406908,0.000000,0.000000,0.489502,0.000000,0.103590
0.000000,0.371574,0.000000,0.328029,0.129555,0.170842,0.000000
0.243641,0.000000,0.378180,0.000000,0.000000,0.378180,0.000000
0.000000,0.244419,0.000000,0.447597,0.044432,0.000000,0.263553
0.140506,0.214873,0.000000,0.214873,0.214873,0.000000,0.214873
0.000000,0.504381,0.000000,0.190806,0.000000,0.046753,0.258061
0.000000,0.356652,0.000000,0.000000,0.543421,0.037712,0.062216
0.191786,0.000000,0.704660,0.103554,0.000000,0.000000,0.000000
0.671228,0.000000,0.000000,0.328772,0.000000,0.000000,0.000000
0.150606,0.000000,0.522042,0.000000,0.327352,0.000000,0.000000
0.384544,0.000000,0.370102,0.245354,0.000000,0.000000,0.000000
0.000000,0.000000,0.336681,0.013344,0.281491,0.000000,0.368484
0.012239,0.000000,0.000000,0.166602,0.273720,0.273720,0.273720
0.242303,0.000000,0.729293,0.000000,0.000000,0.000000,0.028404
0.466015,0.000000,0.495607,0.000000,0.038378,0.000000,0.000000
0.385646,0.000000,0.141728,0.032745,0.385646,0.000000,0.054236
0.322011,0.000000,0.033968,0.322011,0.322011,0.000000,0.000000
0.000000,0.270980,0.000000,0.440161,0.288859,0.000000,0.000000
0.000000,0.166438,0.000000,0.000000,0.000000,0.000000,0.833562
0.333117,0.000000,0.000000,0.086824,0.246942,0.333117,0.000000
0.000000,0.510985,0.000000,0.489015,0.000000,0.000000,0.000000
0.000000,0.886790,0.000000,0.000000,0.000000,0.113210,0.000000
0.000000,0.000000,0.127820,0.415092,0.457088,0.000000,0.000000
0.140371,0.196815,0.000000,0.000000,0.000000,0.193946,0.468868
0.196199,0.227554,0.000000,0.142425,0.000000,0.282992,0.150830
0.200764,0.000000,0.148101,0.000000,0.651135,0.000000,0.000000
0.302310,0.000000,0.117208,0.000000,0.000000,0.181343,0.399139
0.000000,0.000000,0.000000,0.500000,0.000000,0.000000,0.500000
0.000000,0.000000,0.000000,0.415524,0.000000,0.162213,0.422263
0.108804,0.000000,0.271409,0.000000,0.187933,0.160445,0.271409
0.000000,0.000000,0.000000,0.284900,0.715100,0.000000,0.000000
0.063117,0.418286,0.518597,0.000000,0.000000,0.000000,0.000000
0.489265,0.000000,0.000000,0.021469,0.489265,0.000000,0.000000
1.000000,0.000000,0.000000,0.000000,0.000000,0.000000,0.000000
0.117295,0.000000,0.134534,0.242447,0.045355,0.333866,0.126504
0.266933,0.088365,0.374887,0.000000,0.000000,0.040656,0.229159
0.280991,0.000000,0.300378,0.000000,0.000000,0.418631,0.000000
0.000000,0.000000,0.000000,0.000000,0.442790,0.000000,0.557210
0.000000,0.000000,0.000000,0.646059,0.000000,0.353941,0.000000
0.000000,0.504031,0.000000,0.244382,0.000000,0.000000,0.251588
0.000000,0.139973,0.000000,0.341941,0.518086,0.000000,0.000000
0.091617,0.129348,0.258727,0.000000,0.219906,0.114426,0.185977
0.000000,0.450877,0.057337,0.000000,0.000000,0.450877,0.040909
0.149769,0.201495,0.061727,0.278817,0.156843,0.151349,0.000000
0.925616,0.074384,0.000000,0.000000,0.000000,0.000000,0.000000
0.000000,0.333007,0.282170,0.000000,0.000000,0.384823,0.000000
0.427253,0.000000,0.000000,0.121204,0.000000,0.058402,0.393141
0.393823,0.000000,0.606177,0.000000,0.000000,0.000000,0.000000
0.000000,0.044255,0.351684,0.000000,0.351684,0.000000,0.252376
0.271727,0.112869,0.382418,0.012240,0.094923,0.125824,0.000000
0.163889,0.303112,0.165137,0.064749,0.000000,0.303112,0.000000
0.000000,0.080203,0.000000,0.059138,0.000000,0.430330,0.430330
0.000000,0.000000,0.000000,0.000000,0.000000,1.000000,0.000000
0.000000,0.175094,0.101976,0.448721,0.000000,0.000000,0.274208
0.227803,0.103867,0.078352,0.083052,0.227803,0.147761,0.131362
0.000000,0.000000,0.000000,0.267394,0.000000,0.000000,0.732606
0.000000,0.549794,0.000000,0.000000,0.295718,0.154488,0.000000
0.000000,0.000000,0.341378,0.000000,0.000000,0.215698,0.442924
0.219701,0.248297,0.280542,0.145667,0.000000,0.078535,0.027259
0.000000,0.653458,0.000000,0.346542,0.000000,0.000000,0.000000
0.394363,0.441229,0.000000,0.000000,0.000000,0.164407,0.000000
0.000000,0.310061,0.299725,0.059261,0.026021,0.150184,0.154748
0.161446,0.000000,0.000000,0.518096,0.000000,0.051889,0.268569
0.000000,0.000000,0.333333,0.333333,0.000000,0.000000,0.333333
0.235136,0.628931,0.000000,0.135933,0.000000,0.000000,0.000000
0.226817,0.226817,0.125015,0.194533,0.000000,0.000000,0.226817
0.000000,0.242093,0.355483,0.355483,0.046940,0.000000,0.000000
0.000000,0.041067,0.266434,0.159630,0.000000,0.266434,0.266434
0.000000,0.052097,0.342858,0.342858,0.096213,0.000000,0.165973
0.060003,0.000000,0.323217,0.000000,0.293564,0.323217,0.000000
0.301614,0.000000,0.301614,0.000000,0.184251,0.212520,0.000000
0.000000,0.301260,0.400109,0.298631,0.000000,0.000000,0.000000
0.000000,0.056539,0.153195,0.000000,0.395133,0.000000,0.395133
0.000000,0.000000,0.030949,0.381569,0.000000,0.000000,0.587482
0.000000,0.216095,0.000000,0.224489,0.378680,0.000000,0.180735
0.343781,0.000000,0.343781,0.040643,0.255365,0.000000,0.016430
0.265977,0.000000,0.351819,0.107673,0.274531,0.000000,0.000000
0.000000,0.274271,0.261338,0.000000,0.274271,0.190120,0.000000
0.166158,0.290460,0.106446,0.213504,0.223433,0.000000,0.000000
0.285522,0.000000,0.000000,0.407551,0.000000,0.306926,0.000000
0.000000,0.167210,0.286252,0.299256,0.000000,0.132926,0.114356
0.000000,0.243112,0.243112,0.243112,0.107300,0.163365,0.000000
0.000000,0.333333,0.000000,0.000000,0.000000,0.333333,0.333333
0.298477,0.067971,0.093475,0.298477,0.000000,0.241600,0.000000
0.000000,0.906323,0.093677,0.000000,0.000000,0.000000,0.000000
0.344476,0.000000,0.000000,0.311048,0.000000,0.344476,0.000000
0.008153,0.330616,0.000000,0.330616,0.000000,0.330616,0.000000
0.135333,0.348985,0.515682,0.000000,0.000000,0.000000,0.000000
0.045658,0.000000,0.000000,0.376018,0.000000,0.300874,0.277450
0.000000,0.189850,0.000000,0.000000,0.580338,0.096176,0.133636
0.731517,0.268483,0.000000,0.000000,0.000000,0.000000,0.000000
0.250000,0.250000,0.250000,0.000000,0.000000,0.250000,0.000000
0.372482,0.000000,0.000000,0.276117,0.000000,0.296804,0.054596
0.000000,0.000000,0.000000,0.133363,0.000000,0.490525,0.376111
0.000000,0.000000,0.000000,0.302120,0.000000,0.348940,0.348940
0.000000,0.000000,0.512016,0.000000,0.000000,0.000000,0.487984
0.000000,0.000000,0.000000,0.344641,0.097402,0.000000,0.557958
0.000000,0.000000,0.000000,0.000000,0.285697,0.000000,0.714303
0.251066,0.000000,0.066564,0.294168,0.043700,0.294168,0.050333
1.000000,0.000000,0.000000,0.000000,0.000000,0.000000,0.000000
0.000000,0.000000,0.000000,0.000000,0.000000,0.000000,1.000000
0.000000,0.314841,0.000000,0.000000,0.356669,0.076221,0.252270
0.132501,0.053624,0.022837,0.000000,0.395519,0.000000,0.395519
0.350556,0.098544,0.237877,0.027483,0.000000,0.285540,0.000000
0.223669,0.000000,0.000000,0.258777,0.258777,0.258777,0.000000
0.000000,0.000000,0.000000,0.400931,0.000000,0.599069,0.000000
0.051937,0.000000,0.000000,0.948063,0.000000,0.000000,0.000000
0.041425,0.000000,0.220586,0.201558,0.220586,0.095258,0.220586
0.092843,0.000000,0.241879,0.556511,0.000000,0.108766,0.000000
0.000000,0.000000,0.640428,0.359572,0.000000,0.000000,0.000000
0.000000,0.158863,0.211975,0.334834,0.000000,0.125580,0.168748
0.000000,0.212459,0.000000,0.000000,0.555298,0.000000,0.232242
0.179641,0.085023,0.279409,0.000000,0.176517,0.000000,0.279409
1.000000,0.000000,0.000000,0.000000,0.000000,0.000000,0.000000
0.167102,0.000000,0.000000,0.000000,0.456870,0.000000,0.376028
0.078462,0.000000,0.152325,0.335036,0.099141,0.335036,0.000000
0.419749,0.000000,0.000000,0.106732,0.473518,0.000000,0.000000
0.170493,0.121018,0.279665,0.000000,0.000000,0.306397,0.122427
0.000000,0.618049,0.000000,0.333520,0.000000,0.000000,0.048431
0.000000,0.371366,0.191610,0.000000,0.118654,0.318370,0.000000
0.000000,0.000000,0.000000,0.347987,0.000000,0.304027,0.347987
0.300148,0.059021,0.000000,0.300148,0.216356,0.124328,0.000000
0.131735,0.292696,0.006239,0.036281,0.000000,0.215702,0.317346
0.000000,0.000000,0.000000,0.000000,1.000000,0.000000,0.000000
0.059945,0.015190,0.790758,0.000000,0.134108,0.000000,0.000000
0.000000,0.470240,0.236114,0.082217,0.016525,0.194905,0.000000
0.194048,0.000000,0.239738,0.239738,0.239738,0.000000,0.086740
0.000000,0.000000,0.516132,0.456433,0.000000,0.027435,0.000000
0.000000,0.047437,0.000000,0.096997,0.318175,0.532248,0.005143
0.000000,0.000000,0.000000,0.000000,0.000000,0.479146,0.520854
0.000000,0.000000,0.000000,0.254573,0.000000,0.532460,0.212967
0.200285,0.063029,0.000000,0.368343,0.000000,0.000000,0.368343
0.297963,0.074655,0.138496,0.035421,0.240565,0.050216,0.162684
0.000000,0.435243,0.000000,0.435243,0.129514,0.000000,0.000000
0.000000,0.000000,0.000000,0.000000,0.286736,0.405810,0.307454
0.602665,0.000000,0.000000,0.397335,0.000000,0.000000,0.000000
0.000000,0.295160,0.386932,0.000000,0.000000,0.317908,0.000000
0.309579,0.000000,0.389234,0.000000,0.000000,0.301186,0.000000
0.000000,0.000000,0.500000,0.000000,0.500000,0.000000,0.000000
0.080637,0.000000,0.402413,0.020613,0.000000,0.000000,0.496337
0.288502,0.000000,0.000000,0.000000,0.279530,0.000000,0.431968
0.000000,0.324262,0.210721,0.000000,0.000000,0.000000,0.465017
0.484394,0.000000,0.000000,0.411348,0.104258,0.000000,0.000000
0.000000,0.000000,0.000000,0.000000,1.000000,0.000000,0.000000
0.000000,0.027576,0.122232,0.163923,0.228756,0.228756,0.228756
0.000000,0.000000,0.000000,0.000000,1.000000,0.000000,0.000000
0.000000,0.216327,0.216327,0.216327,0.000000,0.216327,0.134693
0.000000,0.000000,0.058565,0.000000,0.000000,0.625181,0.316254
0.000000,0.272918,0.272918,0.000000,0.218823,0.000000,0.235340
0.314209,0.000000,0.000000,0.000000,0.685791,0.000000,0.000000
0.222189,0.000000,0.034008,0.112380,0.000000,0.334138,0.297285
0.032965,0.000000,0.096052,0.475007,0.000000,0.284959,0.111017
0.085226,0.815117,0.000000,0.000000,0.000000,0.000000,0.099656
0.473376,0.000000,0.473376,0.000000,0.000000,0.000000,0.053249
0.135359,0.000000,0.279661,0.279661,0.213409,0.000000,0.091911
0.255698,0.000000,0.130706,0.613597,0.000000,0.000000,0.000000
0.128738,0.000000,0.122286,0.748977,0.000000,0.000000,0.000000
0.348604,0.177834,0.000000,0.000000,0.263408,0.063443,0.146711
0.300828,0.000000,0.268157,0.000000,0.000000,0.165566,0.265448
0.063236,0.000000,0.376036,0.000000,0.184693,0.376036,0.000000
0.241798,0.135973,0.104185,0.259022,0.000000,0.259022,0.000000
0.544554,0.000000,0.000000,0.041657,0.000000,0.017966,0.395822
0.000000,0.069870,0.458814,0.471316,0.000000,0.000000,0.000000
0.000000,0.000000,0.000000,0.500000,0.000000,0.000000,0.500000
1.000000,0.000000,0.000000,0.000000,0.000000,0.000000,0.000000
0.187520,0.000000,0.257969,0.000000,0.453455,0.101057,0.000000
0.137079,0.000000,0.038283,0.000000,0.283077,0.283077,0.258484
0.000000,0.000000,0.000000,0.311566,0.373242,0.000000,0.315191
0.000000,0.000000,0.000000,0.000000,0.000000,0.000000,1.000000
0.000000,0.153116,0.282295,0.000000,0.282295,0.000000,0.282295
0.000000,0.000000,0.000000,0.000000,0.294679,0.705321,0.000000
0.174290,0.223742,0.066272,0.175387,0.105163,0.105163,0.149983
0.519255,0.167168,0.000000,0.313577,0.000000,0.000000,0.000000
0.226101,0.000000,0.112967,0.000000,0.547290,0.000000,0.113642
0.000000,0.175831,0.274723,0.274723,0.274723,0.000000,0.000000
0.000000,0.000000,0.000000,0.274826,0.587717,0.000000,0.137457
0.000000,0.051175,0.000000,0.000000,0.000000,0.328316,0.620509
0.000000,0.280056,0.000000,0.159832,0.280056,0.280056,0.000000
0.385336,0.000455,0.000000,0.000000,0.226338,0.002535,0.385336
0.000000,0.203966,0.106229,0.278211,0.000000,0.411594,0.000000
0.000000,0.542660,0.000000,0.451042,0.000000,0.006298,0.000000
0.186620,0.236697,0.236697,0.000000,0.236697,0.002474,0.100814
0.000000,0.333333,0.000000,0.000000,0.333333,0.000000,0.333333
0.000000,0.000000,0.493351,0.013299,0.000000,0.000000,0.493351
0.000000,0.178559,0.000000,0.000000,0.000000,0.821441,0.000000
0.351421,0.000000,0.000000,0.000000,0.000000,0.648579,0.000000
0.545052,0.000000,0.339481,0.000000,0.115467,0.000000,0.000000
0.084830,0.181513,0.244552,0.244552,0.244552,0.000000,0.000000
0.477785,0.453387,0.068829,0.000000,0.000000,0.000000,0.000000
1.000000,0.000000,0.000000,0.000000,0.000000,0.000000,0.000000
0.000000,0.000000,0.274755,0.677596,0.000000,0.047649,0.000000
0.331427,0.000000,0.331427,0.000000,0.215734,0.121412,0.000000
0.752425,0.000000,0.247575,0.000000,0.000000,0.000000,0.000000
0.000000,0.089803,0.063825,0.229000,0.216985,0.229000,0.171385
0.000000,0.196045,0.000000,0.000000,0.000000,0.803955,0.000000
0.000000,0.231749,0.000000,0.000000,0.768251,0.000000,0.000000
0.256123,0.000000,0.288092,0.222242,0.233543,0.000000,0.000000
0.000000,0.877518,0.122482,0.000000,0.000000,0.000000,0.000000
0.496163,0.250623,0.000000,0.131905,0.031130,0.000000,0.090179
0.000000,0.000000,0.000000,0.000000,0.000000,1.000000,0.000000
0.000000,0.000000,0.000000,0.000000,0.960972,0.000000,0.039028
0.000000,0.265752,0.045200,0.123398,0.188194,0.377456,0.000000
0.000000,0.000000,0.000000,0.339271,0.160848,0.375671,0.124210
0.149470,0.000000,0.000000,0.023513,0.028871,0.399073,0.399073
0.268379,0.559101,0.000000,0.000000,0.000000,0.000000,0.172520
0.000000,0.000000,0.827116,0.000000,0.000000,0.000000,0.172884
0.344964,0.324473,0.116816,0.213747,0.000000,0.000000,0.000000
0.220440,0.010958,0.000000,0.176972,0.220440,0.214908,0.156282
0.348523,0.000000,0.084081,0.000000,0.348523,0.022507,0.196366
0.266559,0.000000,0.172107,0.281014,0.000000,0.000000,0.280320
0.021976,0.000000,0.264920,0.000000,0.522092,0.000000,0.191012
0.250000,0.000000,0.000000,0.250000,0.000000,0.250000,0.250000
0.000000,0.000000,0.000000,0.000000,0.000000,0.992635,0.007365
0.422677,0.000000,0.000000,0.000000,0.000000,0.577323,0.000000
0.000000,0.000000,0.352179,0.000000,0.416358,0.000000,0.231462
0.178500,0.058664,0.000000,0.000000,0.278576,0.205289,0.278971
0.179477,0.000000,0.544358,0.276166,0.000000,0.000000,0.000000
0.000000,0.185128,0.000000,0.333998,0.337728,0.143145,0.000000
0.370438,0.259123,0.000000,0.000000,0.000000,0.000000,0.370438
0.202855,0.000000,0.000000,0.000000,0.180603,0.000000,0.616542
0.339873,0.133805,0.162687,0.000000,0.000000,0.289291,0.074343
0.245623,0.058846,0.092951,0.000000,0.111335,0.245623,0.245623
0.298273,0.291452,0.216900,0.000000,0.000000,0.133011,0.060364
0.048895,0.000000,0.000000,0.346854,0.000000,0.221043,0.383207
0.194076,0.000000,0.152489,0.140627,0.025669,0.000000,0.487139
0.332959,0.000000,0.332959,0.000000,0.000000,0.001122,0.332959
0.332514,0.119374,0.000000,0.000000,0.319203,0.228909,0.000000
0.311676,0.053102,0.000000,0.291216,0.215212,0.128795,0.000000
0.000000,0.532130,0.000000,0.467870,0.000000,0.000000,0.000000
0.000000,0.394134,0.514514,0.008866,0.000000,0.082485,0.000000
0.000000,0.495739,0.000000,0.504261,0.000000,0.000000,0.000000
0.000000,0.026838,0.385774,0.259401,0.000000,0.327987,0.000000
0.000000,0.000000,0.000000,0.000000,0.091269,0.000000,0.908731
0.000000,0.215383,0.282795,0.049638,0.000000,0.204429,0.247755
0.160363,0.224731,0.000000,0.307453,0.000000,0.000000,0.307453
0.086466,0.000000,0.010871,0.000000,0.035695,0.433484,0.433484
0.000000,0.000000,0.472516,0.000000,0.000000,0.472516,0.054969
0.000000,0.237898,0.000000,0.431782,0.330320,0.000000,0.000000
0.000000,0.500000,0.000000,0.000000,0.500000,0.000000,0.000000
0.351129,0.289847,0.100867,0.000000,0.000000,0.000000,0.258157
0.000000,0.227566,0.000000,0.772434,0.000000,0.000000,0.000000
0.000000,0.000000,1.000000,0.000000,0.000000,0.000000,0.000000
0.000000,0.384095,0.000000,0.000000,0.301167,0.000000,0.314738
0.000000,0.204124,0.000000,0.000000,0.441209,0.000000,0.354667
0.000000,0.248798,0.083579,0.432807,0.083403,0.151413,0.000000
0.000000,1.000000,0.000000,0.000000,0.000000,0.000000,0.000000
0.022280,0.000000,0.000000,0.598980,0.000000,0.000000,0.378740
0.000000,0.000000,0.515031,0.000000,0.000000,0.280856,0.204112
0.191705,0.000000,0.000000,0.145945,0.000000,0.315077,0.347273
0.336130,0.000000,0.000000,0.563412,0.000000,0.000000,0.100458
0.000000,0.000000,0.367364,0.256107,0.000000,0.000000,0.376529
0.000000,0.000000,0.304653,0.000000,0.086040,0.304653,0.304653
0.000000,0.000000,0.000000,0.239243,0.703710,0.000000,0.057047
0.196770,0.214996,0.264842,0.000000,0.131729,0.191663,0.000000
0.000000,0.262949,0.121526,0.131851,0.262949,0.117960,0.102766
0.000000,0.061116,0.177184,0.231319,0.530381,0.000000,0.000000
0.162462,0.000000,0.000000,0.000000,0.000000,0.837538,0.000000
0.475925,0.000000,0.000000,0.048149,0.475925,0.000000,0.000000
0.000000,0.000000,0.000000,0.000000,0.000000,1.000000,0.000000
0.000000,0.251114,0.000000,0.228411,0.167749,0.196644,0.156082
0.218105,0.052048,0.355530,0.000000,0.000000,0.355530,0.018787
0.163488,0.000000,0.000000,0.000000,0.418256,0.000000,0.418256
0.000000,0.000000,0.000000,0.000000,0.500000,0.000000,0.500000
0.473833,0.399849,0.000000,0.000000,0.000000,0.126317,0.000000
0.000000,0.000000,0.000000,0.000000,0.426466,0.272678,0.300855
0.239460,0.108605,0.088086,0.225703,0.000000,0.338146,0.000000
0.223656,0.105375,0.223656,0.000000,0.223656,0.000000,0.223656
0.000000,0.000000,0.325762,0.149692,0.000000,0.524546,0.000000
0.000000,0.975816,0.000000,0.000000,0.024184,0.000000,0.000000
0.143371,0.000000,0.000000,0.272482,0.000000,0.584147,0.000000
0.696973,0.000000,0.000000,0.000000,0.303027,0.000000,0.000000
0.000000,0.000000,0.000000,0.000000,0.362002,0.637998,0.000000
0.000000,0.000000,0.462070,0.049667,0.488264,0.000000,0.000000
0.000000,0.000000,0.376745,0.000000,0.000000,0.376745,0.246511
0.020545,0.377679,0.000000,0.377679,0.175675,0.048422,0.000000
0.000000,0.000000,0.000000,0.000000,0.000000,0.623689,0.376311
0.250000,0.000000,0.250000,0.250000,0.250000,0.000000,0.000000
0.000000,0.339151,0.360262,0.000000,0.000000,0.000000,0.300587
0.000000,0.165726,0.000000,0.000000,0.107917,0.000000,0.726357
0.000000,0.054122,0.000000,0.000000,0.202402,0.371738,0.371738
0.280609,0.209445,0.015487,0.000000,0.000000,0.406396,0.088062
0.558621,0.000000,0.000000,0.000000,0.441379,0.000000,0.000000
0.000000,0.348106,0.000000,0.030989,0.252457,0.000000,0.368448
0.000000,0.000000,0.000000,0.000000,1.000000,0.000000,0.000000
0.000000,0.201819,0.319456,0.159269,0.319456,0.000000,0.000000
0.000000,0.000000,0.000000,0.000000,1.000000,0.000000,0.000000
0.000000,0.100350,0.658561,0.061303,0.179787,0.000000,0.000000
0.289464,0.000000,0.000000,0.000000,0.289464,0.289464,0.131608
0.000000,0.000000,0.000000,0.000000,0.991793,0.000000,0.008207
0.000000,0.446220,0.000000,0.125476,0.061161,0.000000,0.367143
0.000000,0.252613,0.252613,0.252613,0.050493,0.169270,0.022399
0.083117,0.399456,0.000000,0.117972,0.000000,0.000000,0.399456
0.000000,0.212992,0.363536,0.363536,0.059936,0.000000,0.000000
0.000000,0.392681,0.158539,0.000000,0.411780,0.000000,0.037000
