1.000000,0.000000,0.000000,0.000000,0.000000,0.000000,0.000000
0.330534,0.063249,0.068966,0.216346,0.062650,0.054737,0.203518
0.271590,0.047906,0.178714,0.047887,0.156657,0.151902,0.145345
0.076146,0.319197,0.149548,0.074816,0.062903,0.078575,0.238814
0.021207,0.083148,0.193700,0.185530,0.064484,0.156457,0.295472
0.026505,0.015992,0.048935,0.683530,0.108759,0.041784,0.074495
0.301243,0.361579,0.157824,0.034674,0.061350,0.069336,0.013993
0.222653,0.090677,0.123961,0.123038,0.062548,0.297683,0.079439
0.070500,0.363992,0.072049,0.071842,0.088447,0.129159,0.204012
0.054245,0.076621,0.626095,0.142142,0.012604,0.041257,0.047035
0.139223,0.027141,0.247538,0.025455,0.034857,0.481670,0.044115
0.192074,0.007464,0.050672,0.060390,0.043207,0.236527,0.409666
0.155688,0.290871,0.152814,0.245639,0.033348,0.085104,0.036535
0.074303,0.186764,0.271955,0.045650,0.222166,0.058714,0.140449
0.407452,0.147726,0.064405,0.125274,0.111543,0.107066,0.036533
0.038237,0.059311,0.175009,0.186282,0.076756,0.235922,0.228483
0.132681,0.228546,0.104565,0.093214,0.214121,0.091336,0.135537
0.092740,0.235734,0.085855,0.100960,0.157122,0.057121,0.270468
0.071111,0.515179,0.124925,0.028293,0.068930,0.146453,0.045109
0.403227,0.088860,0.064112,0.020081,0.018870,0.142864,0.261985
0.017841,0.026040,0.020989,0.137873,0.445482,0.344378,0.007396
0.563063,0.102121,0.131721,0.032654,0.025211,0.072193,0.073037
0.114773,0.015429,0.367890,0.306069,0.039778,0.042981,0.113080
0.275681,0.082786,0.102178,0.198717,0.086558,0.098866,0.155214
0.033335,0.081712,0.054039,0.095037,0.280953,0.422597,0.032327
0.413994,0.140866,0.042628,0.078560,0.127258,0.045174,0.151521
0.050135,0.154286,0.460797,0.084120,0.056512,0.124900,0.069250
0.008200,0.081758,0.244442,0.367966,0.037407,0.027560,0.232668
0.053073,0.452414,0.082840,0.140373,0.007955,0.039521,0.223823
0.062580,0.190742,0.113929,0.236903,0.209588,0.040172,0.146085
0.044583,0.172072,0.047299,0.042066,0.055809,0.129597,0.508573
0.016554,0.358965,0.338627,0.034351,0.104964,0.023806,0.122733
0.107708,0.265049,0.117716,0.136244,0.068966,0.260107,0.044211
0.124686,0.391014,0.080872,0.013462,0.257699,0.022451,0.109817
0.197086,0.491531,0.058115,0.032454,0.087077,0.069012,0.064726
0.017098,0.342731,0.102935,0.050984,0.315679,0.137733,0.032840
0.093693,0.087554,0.165156,0.224440,0.072304,0.169366,0.187487
0.137892,0.279323,0.136394,0.214469,0.047375,0.119495,0.065053
0.142550,0.028531,0.173561,0.565652,0.027794,0.052400,0.009511
0.005811,0.161152,0.028335,0.220583,0.012002,0.418561,0.153555
0.042759,0.172612,0.240975,0.120939,0.282885,0.014178,0.125651
0.091113,0.016671,0.075127,0.028206,0.147407,0.583835,0.057641
0.079990,0.094092,0.553248,0.034883,0.050393,0.053494,0.133900
0.053165,0.060675,0.074136,0.478635,0.025708,0.209000,0.098680
0.075514,0.123654,0.077001,0.166551,0.167434,0.271154,0.118691
0.303345,0.069584,0.052891,0.485066,0.051807,0.014004,0.023303
0.456597,0.012122,0.270193,0.111158,0.011104,0.022837,0.115989
0.062181,0.247151,0.039958,0.257042,0.076265,0.167312,0.150091
0.095665,0.090745,0.154572,0.073614,0.052360,0.379826,0.153217
0.105554,0.127779,0.054346,0.341870,0.195304,0.153764,0.021384
0.029651,0.314901,0.109265,0.206295,0.033534,0.130281,0.176073
0.076195,0.175241,0.369752,0.094002,0.070079,0.183120,0.031612
0.075699,0.278085,0.050128,0.127018,0.212133,0.191596,0.065341
0.062291,0.493276,0.038845,0.081024,0.173306,0.092687,0.058572
0.033392,0.035997,0.040130,0.075368,0.018500,0.519029,0.277583
0.045053,0.050650,0.360039,0.014614,0.136770,0.374145,0.018730
0.049833,0.003817,0.025001,0.799707,0.034676,0.068778,0.018188
0.235176,0.020645,0.093039,0.040548,0.161509,0.082587,0.366495
0.088017,0.103475,0.080211,0.101335,0.200112,0.229917,0.196932
0.040439,0.126365,0.315682,0.084934,0.138981,0.009609,0.283990
0.080024,0.557139,0.045654,0.042704,0.105351,0.099210,0.069918
0.172061,0.029029,0.206265,0.106505,0.031846,0.017703,0.436590
0.108630,0.292965,0.071205,0.024426,0.197238,0.075695,0.229842
0.224569,0.108362,0.027934,0.058346,0.364380,0.175161,0.041248
0.011826,0.102299,0.114810,0.475349,0.151463,0.075325,0.068927
0.423852,0.040265,0.008667,0.140723,0.064323,0.278760,0.043410
0.050570,0.011759,0.356165,0.205093,0.311053,0.026463,0.038898
0.006665,0.178661,0.039846,0.047010,0.119072,0.164280,0.444466
0.135472,0.296764,0.150491,0.232243,0.057047,0.011330,0.116654
0.051626,0.126914,0.678045,0.074897,0.014153,0.022817,0.031547
0.143279,0.086681,0.458403,0.088068,0.077551,0.008806,0.137213
0.195994,0.144767,0.154167,0.255484,0.010564,0.157403,0.081621
0.237914,0.091070,0.042356,0.095419,0.125888,0.262074,0.145279
0.226290,0.361807,0.102776,0.177092,0.042834,0.019560,0.069639
0.027785,0.054321,0.008295,0.043413,0.046306,0.055585,0.764295
0.008482,0.048337,0.049784,0.066183,0.181028,0.132643,0.513543
0.133405,0.082348,0.119175,0.091846,0.094935,0.034645,0.443646
0.053629,0.345361,0.156043,0.101706,0.161375,0.143676,0.038210
0.079807,0.474306,0.034471,0.060381,0.261699,0.065573,0.023763
0.126652,0.092994,0.230222,0.304111,0.020613,0.179671,0.045736
0.012876,0.172402,0.015559,0.056508,0.331416,0.333658,0.077581
0.147243,0.255967,0.215777,0.156885,0.101255,0.083473,0.039399
0.310453,0.166659,0.125733,0.099936,0.110446,0.148063,0.038710
0.079135,0.078288,0.268088,0.082108,0.086253,0.347409,0.058719
0.218445,0.585941,0.042804,0.053031,0.027978,0.022047,0.049753
0.055519,0.088785,0.028091,0.307598,0.095953,0.369689,0.054365
0.089278,0.254830,0.023573,0.122628,0.140058,0.100205,0.269429
0.044963,0.063855,0.601014,0.028946,0.023947,0.204029,0.033246
0.061157,0.090377,0.505139,0.168310,0.028238,0.100634,0.046145
0.071642,0.102752,0.159727,0.018406,0.143833,0.275195,0.228446
0.382163,0.259488,0.028681,0.029994,0.064294,0.069122,0.166259
0.025748,0.020800,0.030683,0.190955,0.057407,0.071265,0.603142
0.172600,0.131264,0.091782,0.180816,0.174410,0.219359,0.029767
0.147576,0.051930,0.014140,0.118758,0.020218,0.149630,0.497748
0.060905,0.136165,0.124945,0.085837,0.020531,0.238534,0.333083
0.124825,0.125516,0.084068,0.248719,0.302727,0.047972,0.066171
0.200622,0.018585,0.078314,0.447730,0.022141,0.135968,0.096640
0.130038,0.042942,0.137682,0.560908,0.071885,0.028789,0.027756
0.158969,0.129667,0.052942,0.152738,0.093240,0.348516,0.063927
0.199348,0.109261,0.103439,0.137716,0.093630,0.217596,0.139010
0.156717,0.280400,0.019761,0.120851,0.053819,0.294954,0.073499
0.013562,0.083700,0.139278,0.255917,0.021491,0.086733,0.399319
0.157459,0.030170,0.011584,0.007850,0.125504,0.068726,0.598707
0.275351,0.171338,0.051191,0.115627,0.153364,0.125165,0.107965
0.069840,0.051330,0.042505,0.070346,0.210959,0.466341,0.088678
0.197693,0.017995,0.230756,0.283443,0.097785,0.057224,0.115105
0.055754,0.120585,0.066098,0.567902,0.069935,0.098798,0.020928
0.026159,0.151560,0.057493,0.242248,0.178361,0.337378,0.006802
0.185573,0.121094,0.227152,0.055319,0.108373,0.138192,0.164298
0.045353,0.234486,0.281745,0.205802,0.114277,0.048570,0.069768
0.062567,0.065021,0.120952,0.041108,0.030779,0.502228,0.177344
0.030958,0.045965,0.012080,0.032646,0.059080,0.242656,0.576615
0.100445,0.074464,0.024206,0.017584,0.244532,0.223415,0.315353
0.040189,0.032277,0.043231,0.131288,0.263822,0.116744,0.372450
0.124221,0.628131,0.075400,0.015061,0.036628,0.033709,0.086851
0.082036,0.054062,0.275085,0.261163,0.154372,0.144975,0.028309
0.056452,0.032298,0.115926,0.367067,0.215986,0.085270,0.127001
0.118817,0.247357,0.073268,0.422249,0.050248,0.071064,0.016998
0.279366,0.129379,0.101383,0.023544,0.288082,0.020235,0.158010
0.097395,0.146348,0.105982,0.139006,0.089488,0.394476,0.027304
0.029328,0.068567,0.095891,0.092334,0.552145,0.051006,0.110728
0.046754,0.034708,0.341638,0.145990,0.097042,0.327897,0.005972
0.130411,0.048970,0.359641,0.332590,0.024394,0.005876,0.098118
0.085488,0.060378,0.307987,0.198651,0.053907,0.226899,0.066691
0.022844,0.117046,0.478757,0.028929,0.156539,0.065611,0.130273
0.066829,0.082307,0.043553,0.631624,0.081665,0.041848,0.052173
0.300609,0.151586,0.070717,0.036061,0.232526,0.033287,0.175215
0.041304,0.207033,0.123372,0.239047,0.031629,0.226521,0.131093
0.279670,0.014462,0.059676,0.146844,0.096368,0.351138,0.051841
0.199404,0.120817,0.199130,0.191594,0.193218,0.049182,0.046656
0.036286,0.020640,0.069214,0.040393,0.098194,0.588640,0.146634
0.408691,0.104164,0.065861,0.154703,0.082166,0.112963,0.071452
0.159953,0.135649,0.087256,0.129981,0.159414,0.233576,0.094170
0.174032,0.221202,0.162885,0.040018,0.024212,0.281796,0.095855
0.062486,0.202162,0.183230,0.075949,0.333343,0.054942,0.087888
0.164216,0.354429,0.128676,0.029135,0.106991,0.161937,0.054615
0.258458,0.034980,0.171190,0.077154,0.106882,0.156909,0.194427
0.192709,0.152385,0.343721,0.158991,0.056313,0.027117,0.068765
0.354151,0.023154,0.220969,0.130803,0.203235,0.039209,0.028480
0.154637,0.107980,0.038276,0.462738,0.093812,0.084471,0.058085
0.090740,0.049373,0.214047,0.009533,0.253524,0.240315,0.142468
0.083696,0.162571,0.048619,0.053973,0.066894,0.391858,0.192388
0.257987,0.211772,0.130065,0.050013,0.220775,0.046112,0.083276
0.112188,0.035027,0.130986,0.062507,0.373617,0.032522,0.253153
0.161494,0.077117,0.096536,0.051889,0.104613,0.216131,0.292220
0.289689,0.131670,0.170073,0.052670,0.028271,0.214669,0.112957
0.020311,0.076271,0.225749,0.073607,0.092927,0.219445,0.291690
0.075253,0.026528,0.183108,0.212285,0.335586,0.032569,0.134671
0.597881,0.065368,0.068207,0.161421,0.030044,0.023016,0.054063
0.043586,0.063758,0.123565,0.175172,0.194916,0.056683,0.342320
0.018898,0.136626,0.136326,0.120028,0.381915,0.065218,0.140990
0.008158,0.024482,0.484246,0.082537,0.219838,0.164641,0.016098
0.246267,0.066190,0.057247,0.097597,0.025512,0.340396,0.166791
0.069705,0.413998,0.129975,0.092563,0.244504,0.022243,0.027012
0.030258,0.109966,0.049595,0.307817,0.122378,0.029907,0.350079
0.024173,0.507272,0.091634,0.116570,0.077411,0.165866,0.017075
0.233943,0.140895,0.367437,0.083469,0.059621,0.070338,0.044296
0.350046,0.041318,0.243855,0.046661,0.143277,0.119086,0.055757
0.187249,0.154849,0.041870,0.356978,0.081811,0.102848,0.074395
0.104005,0.689043,0.015016,0.072810,0.049380,0.009199,0.060545
0.152206,0.131205,0.043048,0.463697,0.161724,0.021282,0.026837
0.143521,0.039111,0.048041,0.008280,0.051466,0.549543,0.160039
0.098538,0.059914,0.402532,0.188349,0.133029,0.035214,0.082423
0.053790,0.105013,0.090680,0.132238,0.314935,0.058049,0.245295
0.457670,0.060952,0.077274,0.014072,0.013654,0.158273,0.218104
0.239870,0.281387,0.128904,0.131755,0.065840,0.103010,0.049235
0.088504,0.314774,0.014850,0.064040,0.094080,0.160963,0.262788
0.045303,0.100721,0.038198,0.639444,0.027115,0.123952,0.025268
0.026468,0.176527,0.224781,0.124461,0.226919,0.084808,0.136035
0.581366,0.059934,0.008246,0.072051,0.060181,0.037988,0.180235
0.016366,0.343193,0.147022,0.124906,0.023427,0.049008,0.296079
0.014133,0.064330,0.150541,0.208703,0.291328,0.210416,0.060548
0.052280,0.066471,0.157341,0.636963,0.030088,0.048337,0.008521
0.069730,0.066103,0.154048,0.109451,0.213702,0.153639,0.233326
0.124375,0.100231,0.037759,0.144803,0.161199,0.179548,0.252084
0.120011,0.086592,0.027521,0.152036,0.223446,0.325776,0.064618
0.221985,0.107384,0.109143,0.138514,0.050154,0.339066,0.033752
0.019745,0.012062,0.819186,0.080976,0.025839,0.022531,0.019660
0.114975,0.203747,0.103178,0.377919,0.085782,0.055946,0.058452
0.298106,0.050448,0.127621,0.093630,0.199306,0.134640,0.096248
0.213634,0.039170,0.008821,0.066947,0.211346,0.251170,0.208911
0.493940,0.145928,0.021429,0.043746,0.081139,0.061318,0.152500
0.087114,0.088719,0.118998,0.054241,0.216422,0.296146,0.138360
0.043538,0.021742,0.106746,0.335114,0.064282,0.041144,0.387434
0.247311,0.041626,0.135418,0.063395,0.147017,0.223103,0.142130
0.016290,0.113481,0.604904,0.006247,0.118009,0.084007,0.057062
0.104949,0.300893,0.325597,0.062151,0.079483,0.028886,0.098040
0.024216,0.166486,0.120134,0.042162,0.023803,0.500335,0.122864
0.521221,0.148596,0.134996,0.051394,0.017647,0.060176,0.065970
0.082897,0.291877,0.044301,0.062077,0.030079,0.136764,0.352005
0.375755,0.050099,0.101353,0.070765,0.021910,0.078254,0.301865
0.016575,0.057963,0.021889,0.276084,0.486970,0.054038,0.086481
0.163576,0.007072,0.129865,0.220967,0.144388,0.110492,0.223640
0.067426,0.188281,0.066613,0.062541,0.049838,0.541317,0.023984
0.080303,0.020317,0.370970,0.061448,0.011607,0.061072,0.394285
0.140052,0.097366,0.177230,0.209303,0.055355,0.212859,0.107835
0.406824,0.074601,0.064992,0.099792,0.180764,0.130955,0.042071
0.134167,0.135059,0.252718,0.055133,0.152501,0.199713,0.070710
0.311412,0.050403,0.051599,0.175033,0.122138,0.112359,0.177055
0.027335,0.165546,0.174208,0.040694,0.067527,0.135130,0.389561
0.038413,0.167475,0.099586,0.186805,0.274207,0.217397,0.016116
0.200347,0.158708,0.074289,0.129138,0.301851,0.039817,0.095850
0.029588,0.033725,0.555282,0.124997,0.034550,0.168257,0.053602
0.061810,0.055773,0.011393,0.515709,0.031209,0.046026,0.278080
0.081465,0.434942,0.183750,0.055958,0.127068,0.102423,0.014393
0.021329,0.147680,0.180617,0.046746,0.263273,0.213438,0.126917
0.061971,0.259065,0.195230,0.179260,0.178593,0.018639,0.107241
0.202480,0.188397,0.189546,0.046247,0.157091,0.136097,0.080141
0.063410,0.043914,0.284409,0.058515,0.026367,0.072175,0.451209
0.120169,0.038113,0.323668,0.190729,0.052978,0.149370,0.124971
0.251404,0.021155,0.041360,0.344079,0.051792,0.198577,0.091633
0.108695,0.303897,0.043137,0.166520,0.021916,0.112528,0.243308
0.103601,0.215639,0.063624,0.267613,0.026150,0.142488,0.180885
0.252815,0.292777,0.181981,0.051850,0.015898,0.123240,0.081439
0.163237,0.024160,0.010891,0.017147,0.677737,0.048928,0.057900
0.161993,0.034060,0.127792,0.031779,0.195166,0.351527,0.097681
0.047985,0.324426,0.065577,0.152250,0.054787,0.313523,0.041452
0.025356,0.392316,0.073766,0.115151,0.190850,0.036088,0.166474
0.099082,0.042293,0.131313,0.222318,0.136938,0.321638,0.046418
0.059446,0.088298,0.196993,0.025920,0.175507,0.241268,0.212567
0.184281,0.061715,0.212046,0.066369,0.078885,0.318359,0.078345
0.132781,0.213134,0.130867,0.010379,0.347631,0.073398,0.091811
0.069452,0.189900,0.192336,0.024692,0.287462,0.156528,0.079630
0.016857,0.121808,0.111075,0.025782,0.462220,0.124397,0.137861
0.242424,0.025862,0.015391,0.027169,0.229925,0.367631,0.091599
0.153688,0.149428,0.185905,0.323296,0.033697,0.018008,0.135978
0.052808,0.474656,0.101883,0.135830,0.107234,0.077844,0.049746
0.046600,0.199681,0.363545,0.113870,0.065964,0.076310,0.134031
0.363420,0.061475,0.025957,0.133698,0.198203,0.176737,0.040509
0.071306,0.016705,0.144307,0.077740,0.031582,0.187460,0.470900
0.043124,0.059613,0.078395,0.249108,0.238578,0.286527,0.044655
0.008990,0.170924,0.062291,0.067562,0.255327,0.349549,0.085356
0.082287,0.027607,0.220207,0.065053,0.103834,0.458149,0.042862
0.152370,0.245565,0.052516,0.186735,0.043382,0.035925,0.283508
0.043430,0.030480,0.183018,0.421746,0.044475,0.193984,0.082866
0.048378,0.241300,0.112707,0.097974,0.173080,0.223202,0.103357
0.052259,0.249498,0.083709,0.409775,0.085258,0.047181,0.072320
0.187163,0.047531,0.120707,0.069094,0.172738,0.184541,0.218225
0.176212,0.126577,0.096912,0.480060,0.034223,0.051050,0.034967
0.662914,0.091861,0.051683,0.019626,0.117494,0.030802,0.025620
0.199100,0.038661,0.184323,0.044166,0.118889,0.332091,0.082769
0.078238,0.166746,0.098876,0.116655,0.315973,0.072603,0.150909
0.193507,0.136799,0.074089,0.018749,0.256857,0.124674,0.195323
0.112984,0.078074,0.079567,0.475815,0.166385,0.040591,0.046586
0.083780,0.115915,0.335661,0.087125,0.058957,0.115862,0.202699
0.150785,0.188511,0.194911,0.029651,0.064880,0.165874,0.205389
0.132793,0.583259,0.061260,0.149660,0.014473,0.037511,0.021043
0.213193,0.125139,0.196895,0.105738,0.079144,0.220972,0.058919
0.051017,0.580776,0.042469,0.030679,0.034193,0.026303,0.234563
0.098220,0.164333,0.025134,0.446686,0.208253,0.025407,0.031968
0.048167,0.302734,0.042263,0.322428,0.062114,0.076722,0.145571
0.109000,0.067590,0.473424,0.088259,0.086844,0.088312,0.086571
0.060952,0.217112,0.282559,0.019136,0.162664,0.097314,0.160263
0.020273,0.043735,0.245516,0.152498,0.234861,0.051867,0.251249
0.051175,0.052060,0.133090,0.026129,0.219611,0.066223,0.451713
0.061205,0.118360,0.105183,0.037236,0.527055,0.099058,0.051903
0.128331,0.242015,0.041327,0.054862,0.440170,0.032068,0.061226
0.022407,0.051637,0.042899,0.094485,0.662656,0.013289,0.112627
0.222570,0.176019,0.028590,0.061188,0.120996,0.022973,0.367665
0.044330,0.010590,0.761794,0.026350,0.049473,0.015586,0.091877
0.049361,0.157350,0.147300,0.219779,0.312201,0.016556,0.097452
0.188690,0.332035,0.106070,0.070852,0.048349,0.084408,0.169596
0.049155,0.113533,0.156987,0.347418,0.017520,0.282541,0.032845
0.075570,0.109060,0.107880,0.293816,0.095726,0.227052,0.090895
0.079922,0.437648,0.040207,0.069387,0.173630,0.160295,0.038911
0.060015,0.018768,0.026546,0.176987,0.292295,0.375389,0.050001
0.516471,0.014138,0.019032,0.026121,0.144019,0.236971,0.043248
0.182132,0.399353,0.154188,0.049740,0.021863,0.062427,0.130296
0.120329,0.052983,0.080552,0.425558,0.285874,0.018056,0.016648
0.033689,0.101942,0.368089,0.203741,0.066468,0.087258,0.138814
0.029891,0.706952,0.115110,0.007514,0.042844,0.070569,0.027120
0.050376,0.012536,0.055853,0.066634,0.326947,0.160383,0.327271
0.048883,0.111716,0.139617,0.014548,0.280563,0.063626,0.341046
0.052744,0.045011,0.075965,0.183816,0.382827,0.031355,0.228283
0.007440,0.052443,0.300139,0.130856,0.486576,0.012320,0.010227
0.160245,0.186664,0.124819,0.020248,0.383066,0.075730,0.049228
0.047774,0.280583,0.038216,0.095089,0.068845,0.159118,0.310375
0.605598,0.012134,0.025043,0.050968,0.074246,0.080651,0.151360
0.242680,0.085124,0.120966,0.264252,0.015904,0.068710,0.202364
0.371925,0.215913,0.115101,0.100644,0.148519,0.033362,0.014536
0.038100,0.014263,0.608284,0.092747,0.042841,0.112563,0.091202
0.031754,0.363320,0.077154,0.016003,0.052251,0.296570,0.162950
0.589145,0.063893,0.073408,0.061023,0.049866,0.063207,0.099458
0.118101,0.031791,0.006752,0.044050,0.691059,0.031565,0.076682
0.036794,0.154042,0.063600,0.015422,0.255786,0.127106,0.347250
0.040868,0.044396,0.201774,0.051045,0.284729,0.149445,0.227744
0.356775,0.251905,0.063955,0.076497,0.024719,0.152992,0.073156
0.472111,0.162772,0.128421,0.029318,0.124525,0.033150,0.049703
0.068365,0.149800,0.010378,0.019042,0.353042,0.172916,0.226457
0.091909,0.120963,0.243194,0.158071,0.170468,0.031015,0.184380
0.190691,0.249090,0.044268,0.118004,0.204053,0.154542,0.039351
0.423020,0.014804,0.023965,0.033915,0.334014,0.052205,0.118077
0.381372,0.115591,0.118845,0.117509,0.045378,0.062091,0.159213
0.022524,0.028301,0.144609,0.110341,0.018557,0.174038,0.501630
0.167557,0.056355,0.008571,0.678180,0.036012,0.018216,0.035109
0.072533,0.381882,0.125070,0.128223,0.262372,0.021204,0.008717
0.140226,0.045347,0.417009,0.239254,0.013367,0.068943,0.075853
0.114205,0.295101,0.024068,0.188232,0.045427,0.097744,0.235224
0.307988,0.067725,0.025211,0.011742,0.108107,0.395433,0.083794
0.413226,0.205567,0.036588,0.125101,0.097910,0.112167,0.009441
0.197973,0.405052,0.073715,0.158666,0.020569,0.033416,0.110609
0.088531,0.379640,0.201077,0.089300,0.040401,0.098137,0.102915
0.013253,0.080913,0.035714,0.015790,0.614700,0.158074,0.081557
0.351690,0.048684,0.066909,0.107675,0.030342,0.094598,0.300101
0.019390,0.047878,0.089456,0.285675,0.270586,0.051387,0.235629
0.128366,0.063926,0.230926,0.320158,0.033802,0.081491,0.141332
0.033732,0.225464,0.150454,0.058043,0.159031,0.284498,0.088777
0.092915,0.004522,0.859619,0.006339,0.007626,0.003881,0.025098
0.492964,0.042833,0.131726,0.089628,0.086799,0.124031,0.032018
0.244569,0.197294,0.137606,0.041844,0.168308,0.089829,0.120550
0.082930,0.395248,0.160614,0.027380,0.056130,0.204869,0.072830
0.081097,0.167408,0.145238,0.064407,0.071629,0.323474,0.146748
0.070567,0.400699,0.044214,0.103804,0.130766,0.173172,0.076778
0.063418,0.273758,0.011217,0.129571,0.050530,0.165775,0.305731
0.048758,0.137657,0.051234,0.276839,0.033027,0.008970,0.443516
0.095237,0.370588,0.067626,0.093320,0.100870,0.105775,0.166584
0.012720,0.058243,0.231459,0.067326,0.518256,0.036244,0.075753
0.344807,0.142601,0.107946,0.121345,0.053702,0.157496,0.072103
0.086405,0.059567,0.091306,0.076425,0.152800,0.325943,0.207556
0.362348,0.099570,0.130470,0.046571,0.186504,0.091395,0.083142
0.167743,0.041552,0.065658,0.057897,0.489028,0.019363,0.158759
0.144665,0.535821,0.043204,0.059041,0.126122,0.035849,0.055297
0.124253,0.504311,0.060770,0.227737,0.055997,0.007656,0.019277
0.117977,0.038893,0.369832,0.174460,0.026425,0.109823,0.162590
0.410261,0.235348,0.068542,0.164178,0.054070,0.011670,0.055933
0.145209,0.074700,0.176126,0.177276,0.178647,0.149012,0.099029
0.064210,0.023268,0.211265,0.016032,0.513769,0.049347,0.122109
0.028570,0.031761,0.844957,0.011673,0.019000,0.027840,0.036200
0.552898,0.083448,0.028051,0.029438,0.165056,0.046923,0.094186
0.536092,0.153858,0.103742,0.070282,0.077934,0.009763,0.048327
0.167787,0.150968,0.043008,0.234653,0.178722,0.169686,0.055177
0.092949,0.006538,0.038311,0.025546,0.029492,0.018073,0.789092
0.338574,0.049036,0.378192,0.023123,0.103488,0.066204,0.041384
0.150355,0.055584,0.112834,0.092849,0.288284,0.242010,0.058084
0.063324,0.153395,0.057050,0.040169,0.118065,0.410482,0.157515
0.042341,0.155453,0.037456,0.205032,0.181841,0.056174,0.321701
0.095390,0.027422,0.096074,0.032072,0.124114,0.543694,0.081234
0.326835,0.285361,0.045630,0.016289,0.147441,0.095480,0.082964
0.243614,0.124942,0.066142,0.200339,0.101916,0.033341,0.229706
0.437348,0.189927,0.103806,0.056267,0.075001,0.065243,0.072409
0.129599,0.186493,0.119720,0.420503,0.041202,0.012321,0.090162
0.031341,0.030983,0.299151,0.265825,0.077178,0.030014,0.265509
0.014295,0.078264,0.153401,0.095435,0.017546,0.053528,0.587531
0.028329,0.162004,0.211875,0.071249,0.096319,0.024792,0.405432
0.182087,0.022008,0.186405,0.292934,0.154294,0.022132,0.140140
0.007052,0.118921,0.501343,0.012205,0.137428,0.017588,0.205463
0.118588,0.176739,0.119385,0.371154,0.029273,0.042608,0.142254
0.025518,0.090969,0.474547,0.099681,0.239212,0.062511,0.007563
0.034659,0.092144,0.087567,0.449469,0.112296,0.114772,0.109094
0.091678,0.020089,0.264349,0.089987,0.041733,0.050657,0.441507
0.172500,0.244556,0.079229,0.214447,0.188860,0.064730,0.035679
0.092341,0.106624,0.124574,0.093771,0.453679,0.061867,0.067143
0.094542,0.147753,0.141368,0.199989,0.050550,0.277842,0.087956
0.027544,0.126542,0.196194,0.115536,0.163663,0.306479,0.064041
0.173256,0.051153,0.335698,0.129405,0.074469,0.175952,0.060068
0.028490,0.055759,0.098538,0.547722,0.052484,0.174491,0.042516
0.248640,0.080415,0.022160,0.421977,0.032275,0.075806,0.118728
0.160539,0.043053,0.053442,0.019495,0.170585,0.277390,0.275496
0.257954,0.095200,0.012733,0.153188,0.379719,0.077432,0.023775
0.021422,0.127989,0.085858,0.017700,0.212588,0.116588,0.417856
0.061523,0.104122,0.133426,0.100202,0.313266,0.071715,0.215747
0.078561,0.274899,0.051149,0.011909,0.468493,0.031903,0.083086
0.112638,0.334875,0.171940,0.056725,0.018106,0.157161,0.148556
0.182869,0.359615,0.121363,0.024059,0.076300,0.048206,0.187588
0.072566,0.404024,0.029635,0.056614,0.020638,0.217816,0.198708
0.352400,0.094790,0.045814,0.170912,0.206108,0.045116,0.084858
0.094937,0.143577,0.048427,0.068514,0.025994,0.063439,0.555111
0.331635,0.212417,0.268300,0.021300,0.028410,0.060198,0.077740
0.072335,0.195479,0.390621,0.055827,0.085447,0.167231,0.033059
0.028259,0.087356,0.119509,0.041838,0.156212,0.212972,0.353853
0.208063,0.115088,0.095535,0.033281,0.080950,0.302048,0.165035
0.249401,0.140541,0.263307,0.163616,0.056496,0.041466,0.085173
0.064052,0.103970,0.019809,0.063435,0.341713,0.180456,0.226566
0.089403,0.240396,0.088300,0.017318,0.133826,0.029024,0.401732
0.108636,0.040354,0.564398,0.103615,0.052756,0.051961,0.078279
0.124588,0.066711,0.395289,0.222493,0.035993,0.096699,0.058228
0.057136,0.034680,0.030689,0.037055,0.602914,0.198769,0.038757
0.033598,0.108591,0.549400,0.131494,0.057919,0.086456,0.032541
0.084339,0.075009,0.048120,0.300084,0.084291,0.094931,0.313226
0.378747,0.082580,0.021809,0.128454,0.151012,0.177688,0.059709
0.022392,0.175248,0.055440,0.284605,0.134309,0.300790,0.027216
0.311404,0.089429,0.090286,0.013340,0.301161,0.105867,0.088514
0.125343,0.275381,0.087527,0.038030,0.012211,0.442680,0.018827
0.077826,0.071745,0.094885,0.162600,0.203537,0.257121,0.132286
0.260236,0.141923,0.041503,0.028329,0.152662,0.024131,0.351215
0.227116,0.006494,0.010279,0.092151,0.019517,0.158434,0.486008
0.021351,0.264782,0.033284,0.115980,0.527461,0.007839,0.029303
0.212607,0.165359,0.205285,0.192448,0.029627,0.104483,0.090189
0.237527,0.066774,0.153105,0.072136,0.100596,0.158700,0.211161
0.025011,0.512945,0.119755,0.185096,0.021242,0.109418,0.026532
0.234342,0.299912,0.030912,0.126026,0.123978,0.037954,0.146877
0.066938,0.099093,0.084498,0.022610,0.507078,0.177481,0.042301
0.021105,0.047064,0.116960,0.047597,0.022352,0.686613,0.058310
0.234759,0.241977,0.133821,0.092113,0.073981,0.110787,0.112563
0.075294,0.184700,0.008421,0.051799,0.058985,0.366554,0.254246
0.011991,0.290411,0.389524,0.101849,0.105935,0.067317,0.032974
0.051660,0.286710,0.366548,0.051875,0.064020,0.113915,0.065272
0.155755,0.050567,0.054878,0.638768,0.052175,0.020177,0.027681
0.205071,0.244321,0.257074,0.036896,0.097118,0.103538,0.055982
0.011802,0.164768,0.050574,0.263048,0.068161,0.008458,0.433189
0.177304,0.216960,0.019735,0.234438,0.092890,0.133445,0.125229
0.317877,0.098631,0.006157,0.079301,0.188884,0.259914,0.049237
0.126781,0.467849,0.051558,0.089502,0.015280,0.068019,0.181011
0.493910,0.026772,0.048958,0.229185,0.099633,0.045067,0.056474
0.044595,0.162372,0.070717,0.102442,0.017425,0.533714,0.068734
0.099036,0.178739,0.077103,0.146090,0.091607,0.081176,0.326249
0.022652,0.195261,0.041461,0.060568,0.280687,0.101915,0.297457
0.105172,0.104452,0.089794,0.160468,0.193172,0.084566,0.262376
0.252479,0.041630,0.063255,0.092206,0.273814,0.186345,0.090271
0.136436,0.037183,0.170084,0.325400,0.116116,0.036642,0.178140
0.111710,0.049686,0.044398,0.038257,0.434666,0.102072,0.219210
0.035411,0.193750,0.146701,0.044851,0.265355,0.069296,0.244637
0.029527,0.306223,0.036907,0.165788,0.316129,0.065313,0.080112
0.706285,0.084347,0.022006,0.046387,0.093347,0.015564,0.032064
0.341381,0.145238,0.121252,0.173271,0.058949,0.041408,0.118501
0.026395,0.065164,0.099191,0.204613,0.123755,0.447394,0.033487
0.070935,0.098521,0.032807,0.444555,0.090858,0.192571,0.069753
0.183371,0.093952,0.053815,0.140550,0.279951,0.046330,0.202031
0.175853,0.034206,0.061507,0.031881,0.106348,0.018101,0.572103
0.157236,0.404459,0.100941,0.019348,0.054238,0.217821,0.045957
0.321319,0.070897,0.020000,0.024765,0.015490,0.249159,0.298369
0.072257,0.016344,0.133529,0.235393,0.119812,0.359776,0.062889
0.082535,0.033230,0.048132,0.142405,0.329621,0.031145,0.332931
0.056356,0.585684,0.069276,0.021523,0.053853,0.134377,0.078929
0.030204,0.049105,0.514186,0.081593,0.105741,0.078146,0.141027
0.048184,0.349767,0.129035,0.012963,0.024208,0.186397,0.249446
0.201008,0.076829,0.084531,0.121080,0.068901,0.314968,0.132682
0.546090,0.059644,0.145125,0.048879,0.061914,0.058472,0.079877
0.054809,0.046388,0.100459,0.187889,0.028641,0.250399,0.331415
0.084257,0.045749,0.137460,0.363996,0.060153,0.167233,0.141152
0.319834,0.107445,0.105375,0.104275,0.120301,0.095510,0.147259
0.072557,0.051024,0.102296,0.103532,0.350288,0.078119,0.242183
0.148204,0.161891,0.123720,0.022973,0.463178,0.032666,0.047368
0.205537,0.066625,0.083915,0.129799,0.151932,0.323028,0.039164
0.161491,0.090279,0.422687,0.043507,0.106832,0.166309,0.008894
0.244127,0.095455,0.023445,0.241994,0.082561,0.025651,0.286767
0.100483,0.063294,0.083904,0.183772,0.029344,0.336009,0.203195
0.061904,0.112644,0.006329,0.181967,0.350402,0.095763,0.190992
0.295138,0.008468,0.009660,0.426228,0.137852,0.020847,0.101807
0.010271,0.292526,0.318110,0.201392,0.009168,0.036812,0.131720
0.111317,0.019152,0.129707,0.068212,0.376451,0.113219,0.181943
0.098438,0.203163,0.129696,0.019791,0.182630,0.064292,0.301990
0.064719,0.165551,0.056433,0.221870,0.292057,0.059075,0.140296
0.206788,0.204964,0.040190,0.060872,0.216659,0.168030,0.102498
0.070998,0.167751,0.083239,0.198558,0.130415,0.203053,0.145988
0.302562,0.069894,0.021637,0.073494,0.086074,0.061230,0.385109
0.092518,0.143353,0.130191,0.315865,0.043628,0.108346,0.166099
0.099343,0.053068,0.027974,0.205996,0.392905,0.027684,0.193030
0.088453,0.029941,0.144562,0.180427,0.384428,0.049996,0.122194
0.160555,0.038284,0.039903,0.154221,0.024186,0.120461,0.462390
0.050259,0.070230,0.113452,0.169169,0.069939,0.468492,0.058458
0.559623,0.058157,0.067404,0.039903,0.087092,0.035983,0.151839
0.189166,0.121561,0.042661,0.359436,0.106899,0.008629,0.171649
0.039790,0.019154,0.448613,0.398164,0.011090,0.043969,0.039221
0.011863,0.089662,0.337056,0.141864,0.137026,0.249352,0.033177
0.050977,0.118574,0.259555,0.476054,0.042396,0.030080,0.022365
0.041756,0.069449,0.324620,0.108687,0.056041,0.032856,0.366592
0.035670,0.583232,0.008387,0.019904,0.230473,0.017057,0.105277
0.086525,0.060472,0.136256,0.337194,0.266202,0.054598,0.058753
0.044681,0.203504,0.055420,0.292415,0.094357,0.232537,0.077086
0.135830,0.465711,0.100731,0.079910,0.062452,0.064099,0.091266
0.087450,0.017203,0.044377,0.037710,0.076332,0.684111,0.052816
0.026439,0.091081,0.049631,0.119683,0.039612,0.261123,0.412432
0.048826,0.269643,0.030753,0.431180,0.130918,0.007860,0.080819
0.050576,0.070664,0.187868,0.241002,0.141486,0.040729,0.267675
0.231668,0.130704,0.038194,0.285832,0.011554,0.189715,0.112333
0.214161,0.319179,0.171042,0.156465,0.028572,0.045128,0.065454
0.061584,0.328191,0.225500,0.075800,0.059834,0.155936,0.093156
0.188752,0.101030,0.030342,0.028800,0.249556,0.043542,0.357978
0.045663,0.170715,0.305030,0.159185,0.122666,0.037545,0.159195
0.155175,0.191164,0.126855,0.068339,0.155461,0.100347,0.202659
0.102821,0.172499,0.052396,0.141928,0.130160,0.352226,0.047970
0.087478,0.196357,0.045795,0.077078,0.091867,0.148047,0.353378
0.275305,0.033026,0.434206,0.021116,0.017081,0.210960,0.008306
0.036757,0.441653,0.358634,0.048284,0.078880,0.025933,0.009859
0.257274,0.117459,0.065495,0.149539,0.041421,0.071328,0.297484
0.334140,0.172104,0.047490,0.156476,0.070261,0.054249,0.165280
0.023406,0.245800,0.035608,0.107416,0.080936,0.427308,0.079525
0.108775,0.194231,0.137058,0.229222,0.028625,0.159920,0.142169
0.038974,0.254994,0.293999,0.069667,0.188790,0.048039,0.105539
0.499402,0.045118,0.048642,0.290815,0.029292,0.043384,0.043347
0.221683,0.026359,0.199713,0.126646,0.313309,0.048575,0.063715
0.055930,0.072746,0.025835,0.171232,0.042923,0.448948,0.182386
0.064916,0.735232,0.037108,0.009236,0.059913,0.045060,0.048537
0.092035,0.071509,0.058995,0.244240,0.207589,0.296227,0.029405
0.046595,0.014132,0.227099,0.120803,0.110661,0.407186,0.073523
0.070440,0.408462,0.107458,0.067670,0.095528,0.182186,0.068255
0.045788,0.138557,0.038310,0.143052,0.058196,0.540500,0.035597
0.556129,0.277760,0.039693,0.011483,0.033872,0.011633,0.069431
0.105755,0.017494,0.011968,0.113039,0.140454,0.034356,0.576935
0.055968,0.074970,0.040038,0.102405,0.547063,0.105742,0.073813
0.014296,0.010109,0.154877,0.078517,0.023608,0.689820,0.028774
0.027701,0.121812,0.116282,0.075974,0.217956,0.287136,0.153140
0.056942,0.121057,0.087330,0.129862,0.058427,0.212839,0.333544
0.026506,0.113502,0.179634,0.015476,0.232538,0.168827,0.263517
0.033990,0.404668,0.017874,0.072194,0.021608,0.196269,0.253397
0.062270,0.171406,0.012634,0.538484,0.024870,0.125469,0.064867
0.068340,0.268555,0.310039,0.025392,0.108413,0.112612,0.106649
0.429322,0.157523,0.152266,0.037241,0.087351,0.071990,0.064306
0.206091,0.170127,0.129506,0.022051,0.094252,0.038708,0.339265
0.097022,0.098308,0.040952,0.050331,0.011136,0.628251,0.074001
0.067679,0.167269,0.199637,0.069423,0.129210,0.161129,0.205653
0.125295,0.060244,0.066860,0.369247,0.313161,0.047101,0.018092
0.167973,0.068474,0.409695,0.082697,0.069638,0.117482,0.084040
0.129742,0.062261,0.268950,0.266038,0.075750,0.101092,0.096167
0.023061,0.102367,0.034801,0.546935,0.004636,0.133889,0.154311
0.026751,0.254728,0.147457,0.343477,0.131653,0.017301,0.078633
0.038237,0.081056,0.245639,0.157261,0.065985,0.315461,0.096362
0.007962,0.281851,0.036220,0.278730,0.057373,0.101196,0.236667
0.182591,0.021910,0.188727,0.114378,0.094777,0.280472,0.117145
0.089343,0.124073,0.265079,0.126476,0.113691,0.013063,0.268277
0.057666,0.188017,0.093098,0.257677,0.189881,0.172826,0.040835
0.050835,0.060343,0.007281,0.175470,0.009278,0.065735,0.631057
0.249684,0.156401,0.139732,0.059952,0.040869,0.169794,0.183568
0.037243,0.059507,0.136128,0.049744,0.263109,0.044376,0.409894
0.129448,0.212031,0.316055,0.052394,0.204356,0.074983,0.010734
0.191576,0.141501,0.186244,0.131148,0.136869,0.109426,0.103236
0.026367,0.194132,0.199261,0.020198,0.495734,0.028590,0.035719
0.218391,0.062297,0.100436,0.042920,0.460268,0.052101,0.063587
0.223572,0.047907,0.247995,0.143718,0.083546,0.191780,0.061482
0.283711,0.187189,0.057198,0.244445,0.150976,0.026604,0.049879
0.117984,0.427898,0.036347,0.259182,0.067749,0.028003,0.062836
0.270433,0.012082,0.250619,0.151276,0.046848,0.234446,0.034297
0.260797,0.331081,0.026665,0.065301,0.140671,0.131159,0.044325
0.086877,0.124920,0.206189,0.202661,0.059029,0.223020,0.097304
0.030771,0.322798,0.095655,0.033686,0.116508,0.272462,0.128119
0.423804,0.067018,0.048033,0.172926,0.228101,0.021975,0.038144
0.070462,0.481497,0.021428,0.044741,0.057945,0.196564,0.127364
0.197301,0.263534,0.078574,0.057548,0.043782,0.330969,0.028292
0.016808,0.065321,0.303500,0.189842,0.071333,0.138191,0.215005
0.174908,0.092555,0.061522,0.098091,0.020273,0.178216,0.374436
0.074776,0.066003,0.101321,0.049061,0.246801,0.306215,0.155823
0.083510,0.028991,0.066272,0.265778,0.276117,0.020946,0.258386
0.326272,0.055633,0.216234,0.237002,0.048958,0.095118,0.020782
0.160172,0.084227,0.091712,0.039265,0.081161,0.082931,0.460531
0.038155,0.035091,0.095229,0.455146,0.239354,0.024052,0.112973
0.219672,0.127263,0.012692,0.077109,0.108188,0.378081,0.076995
0.007929,0.059434,0.539524,0.013203,0.359359,0.006407,0.014145
0.074974,0.033190,0.022672,0.011776,0.261668,0.016361,0.579358
0.095987,0.029131,0.155519,0.427044,0.157486,0.102718,0.032114
0.092665,0.316526,0.389095,0.022381,0.081906,0.033934,0.063493
0.050887,0.169060,0.081904,0.232367,0.130694,0.122310,0.212778
0.105369,0.134942,0.022989,0.114955,0.058106,0.542728,0.020912
0.166812,0.049591,0.094437,0.038854,0.072432,0.530204,0.047671
0.118059,0.139878,0.218998,0.230292,0.172078,0.072841,0.047854
0.210443,0.183116,0.083269,0.086244,0.194169,0.108988,0.133770
0.020966,0.055496,0.330993,0.305896,0.054554,0.117692,0.114403
0.023197,0.143882,0.126089,0.250448,0.053627,0.282731,0.120027
0.091832,0.228102,0.064389,0.449474,0.053672,0.025560,0.086972
0.071270,0.080168,0.305191,0.085413,0.303009,0.088107,0.066842
0.066816,0.117574,0.205572,0.240944,0.117695,0.141325,0.110075
0.017145,0.090569,0.024515,0.024743,0.052949,0.727613,0.062466
0.143181,0.041057,0.031424,0.180089,0.332045,0.213595,0.058609
0.176753,0.053568,0.031086,0.091034,0.070266,0.095591,0.481702
0.170617,0.107188,0.036220,0.513850,0.095256,0.050693,0.026174
0.064068,0.380500,0.037994,0.090825,0.104826,0.201341,0.120447
0.657574,0.039036,0.140818,0.003693,0.019349,0.080972,0.058558
0.057112,0.101280,0.199096,0.265591,0.068846,0.124821,0.183253
0.087980,0.019951,0.074573,0.083244,0.239540,0.344235,0.150477
0.232319,0.054453,0.154382,0.111060,0.238977,0.122013,0.086796
0.045214,0.331360,0.023029,0.027514,0.020896,0.250879,0.301107
0.135114,0.132114,0.093733,0.439810,0.024455,0.116767,0.058006
0.060155,0.174339,0.163364,0.368003,0.116364,0.084601,0.033174
0.223424,0.036435,0.336785,0.176133,0.030802,0.179747,0.016675
0.176204,0.147776,0.244696,0.015686,0.052707,0.312773,0.050158
0.184756,0.187368,0.115739,0.167606,0.055211,0.010581,0.278739
0.155434,0.069076,0.112226,0.070089,0.203934,0.073969,0.315272
0.169571,0.013021,0.191696,0.245489,0.176810,0.172846,0.030568
0.137619,0.206426,0.088971,0.092407,0.146367,0.202441,0.125769
0.005715,0.022613,0.119949,0.587481,0.058569,0.041397,0.164277
0.093637,0.227013,0.302631,0.114334,0.190091,0.016223,0.056070
0.040479,0.017888,0.072774,0.098070,0.369823,0.258309,0.142657
0.065675,0.253925,0.054249,0.142239,0.028485,0.138342,0.317086
0.164786,0.118656,0.137597,0.246955,0.049605,0.065371,0.217030
0.265315,0.149826,0.185874,0.029890,0.193476,0.140347,0.035271
0.262368,0.035563,0.048170,0.451177,0.080766,0.027459,0.094497
0.305143,0.079492,0.229124,0.079316,0.097810,0.153383,0.055731
0.039440,0.061339,0.284395,0.186049,0.313657,0.019065,0.096055
0.182858,0.081359,0.091438,0.110385,0.183594,0.100059,0.250306
0.019998,0.245409,0.550299,0.044323,0.018931,0.027638,0.093402
0.520985,0.067367,0.028923,0.052873,0.049650,0.059775,0.220427
0.395844,0.062504,0.057983,0.055581,0.088776,0.108016,0.231296
0.295476,0.146341,0.110967,0.071776,0.205064,0.034913,0.135462
0.140368,0.068903,0.057406,0.142777,0.088404,0.345460,0.156682
0.018545,0.061296,0.179952,0.065751,0.059705,0.172937,0.441814
0.096539,0.113071,0.369662,0.047166,0.034616,0.082379,0.256568
0.239480,0.171382,0.080851,0.010932,0.096401,0.195053,0.205900
0.215912,0.011349,0.372046,0.019821,0.140458,0.173234,0.067181
0.113431,0.063697,0.175356,0.091646,0.522183,0.010818,0.022869
0.148267,0.167177,0.073545,0.223860,0.021591,0.059561,0.306000
0.277356,0.043821,0.074592,0.219264,0.018812,0.227913,0.138242
0.085553,0.329088,0.171448,0.019844,0.015235,0.030826,0.348004
0.126000,0.103806,0.023006,0.287834,0.056487,0.157038,0.245830
0.101811,0.151562,0.011786,0.276515,0.063908,0.231762,0.162656
0.078379,0.090594,0.128903,0.537246,0.037905,0.027565,0.099407
0.315010,0.053717,0.120338,0.084195,0.222268,0.137054,0.067417
0.320012,0.034524,0.137731,0.087162,0.197237,0.137606,0.085728
0.364574,0.023651,0.064386,0.006006,0.355893,0.016940,0.168548
0.114454,0.132780,0.086100,0.125217,0.163909,0.352249,0.025292
0.147222,0.022562,0.073081,0.025634,0.263420,0.256458,0.211623
0.043521,0.117518,0.063469,0.065950,0.035293,0.081419,0.592830
0.028397,0.376445,0.248027,0.220787,0.035921,0.015123,0.075300
0.230522,0.005593,0.510141,0.119143,0.051479,0.024476,0.058645
0.140093,0.379051,0.092427,0.021117,0.152591,0.155900,0.058820
0.014748,0.111223,0.387837,0.072219,0.016330,0.081857,0.315786
0.185092,0.213587,0.097575,0.167234,0.066566,0.185819,0.084127
0.083100,0.055277,0.359808,0.227170,0.068550,0.032911,0.173184
0.044802,0.131709,0.038652,0.138920,0.118565,0.475758,0.051593
0.122070,0.127060,0.077553,0.072210,0.506300,0.009306,0.085501
0.088714,0.056143,0.198998,0.062325,0.052552,0.426596,0.114672
0.090505,0.250867,0.019239,0.045625,0.154160,0.015190,0.424414
0.114272,0.044510,0.244883,0.238592,0.104193,0.099618,0.153932
0.128718,0.054575,0.208461,0.029619,0.328726,0.028376,0.221525
0.396119,0.065547,0.194938,0.140086,0.062102,0.025735,0.115473
0.266853,0.009479,0.006741,0.527126,0.152166,0.014245,0.023391
0.550366,0.081157,0.221664,0.025808,0.060403,0.020538,0.040064
0.246264,0.189868,0.110331,0.135673,0.068134,0.157099,0.092630
0.015961,0.138109,0.082944,0.042134,0.285805,0.217017,0.218031
0.036914,0.290185,0.019876,0.265693,0.062241,0.297919,0.027171
0.087199,0.249498,0.343462,0.171774,0.091678,0.035536,0.020853
0.110989,0.076425,0.046868,0.012395,0.570536,0.100552,0.082235
0.063482,0.040599,0.428971,0.050837,0.320957,0.058191,0.036963
0.055828,0.097284,0.030522,0.133182,0.362002,0.130647,0.190535
0.025188,0.207634,0.124287,0.157325,0.166204,0.082823,0.236539
0.047563,0.022285,0.050030,0.049233,0.701668,0.078354,0.050868
0.058184,0.505611,0.064559,0.016446,0.237034,0.053768,0.064397
0.073070,0.157835,0.093029,0.117230,0.513941,0.019890,0.025005
0.038062,0.166906,0.213418,0.170386,0.143427,0.243140,0.024662
0.456208,0.009457,0.192694,0.135638,0.044638,0.092256,0.069109
0.031216,0.005751,0.036031,0.021545,0.053725,0.694445,0.157287
0.130796,0.154191,0.021691,0.315422,0.105842,0.162763,0.109294
0.423065,0.116760,0.060731,0.066303,0.246863,0.014240,0.072039
0.179516,0.125166,0.160163,0.092092,0.150199,0.153888,0.138977
0.125167,0.280658,0.067467,0.026181,0.245005,0.080148,0.175375
