1.000000,0.000000,0.000000,0.000000,0.000000,0.000000,0.000000
0.022419,0.501515,0.216894,0.141096,0.037114,0.020536,0.060426
0.048855,0.159072,0.013707,0.107444,0.048049,0.181019,0.441854
0.495476,0.049239,0.136409,0.013278,0.087874,0.210522,0.007202
0.098560,0.023412,0.082116,0.009805,0.070612,0.327737,0.387758
0.061536,0.093167,0.113839,0.114692,0.334608,0.048401,0.233758
0.204399,0.034167,0.024036,0.284729,0.047939,0.062093,0.342637
0.330030,0.098730,0.139996,0.099422,0.107767,0.087315,0.136740
0.196718,0.122962,0.045218,0.279448,0.165088,0.111663,0.078904
0.187660,0.073607,0.011650,0.126637,0.021103,0.091219,0.488124
0.112933,0.134731,0.245702,0.104509,0.359641,0.029200,0.013284
0.412559,0.069836,0.150867,0.039399,0.054042,0.142647,0.130650
0.117203,0.019318,0.448186,0.115294,0.174337,0.050540,0.075121
0.153454,0.389880,0.078376,0.139825,0.077722,0.016138,0.144605
0.171000,0.060899,0.033430,0.627120,0.014057,0.042734,0.050760
0.212002,0.270849,0.015527,0.073378,0.289008,0.123744,0.015493
0.184525,0.012540,0.210926,0.021210,0.187141,0.122441,0.261217
0.092584,0.332937,0.211022,0.181274,0.084383,0.035606,0.062194
0.063563,0.133052,0.066004,0.159798,0.415929,0.081773,0.079881
0.119893,0.114674,0.036705,0.153923,0.501923,0.036394,0.036488
0.061387,0.201762,0.179449,0.091708,0.270441,0.124608,0.070645
0.110481,0.052847,0.220192,0.092902,0.315266,0.046485,0.161828
0.171682,0.051635,0.177359,0.271081,0.085288,0.169685,0.073270
0.050007,0.192315,0.252209,0.044063,0.312931,0.124715,0.023760
0.181277,0.083962,0.028252,0.032179,0.142005,0.067228,0.465097
0.080324,0.065485,0.011545,0.044735,0.292849,0.046156,0.458906
0.014406,0.783274,0.031360,0.047521,0.093268,0.024521,0.005650
0.071323,0.009772,0.051098,0.019756,0.530884,0.243067,0.074100
0.088546,0.032862,0.128749,0.289957,0.049936,0.184490,0.225460
0.266213,0.151338,0.156426,0.134244,0.084246,0.134383,0.073150
0.087983,0.024639,0.029768,0.553501,0.261164,0.027401,0.015544
0.247462,0.023585,0.271568,0.234760,0.018530,0.076382,0.127714
0.115922,0.024928,0.148370,0.010125,0.007623,0.674932,0.018101
0.066602,0.052534,0.034986,0.114629,0.430253,0.272461,0.028535
0.090400,0.167571,0.219781,0.181508,0.196208,0.116058,0.028475
0.020374,0.023770,0.522182,0.086085,0.104216,0.213131,0.030242
0.201525,0.039699,0.318734,0.153421,0.191296,0.053915,0.041410
0.116775,0.089100,0.284533,0.080300,0.092535,0.294370,0.042388
0.031285,0.169397,0.030072,0.215146,0.162002,0.073175,0.318923
0.290981,0.103533,0.037643,0.330117,0.028817,0.179573,0.029336
0.453122,0.047260,0.101208,0.039161,0.050478,0.009828,0.298942
0.058279,0.253345,0.399612,0.135176,0.076985,0.065077,0.011526
0.348860,0.137582,0.126668,0.027652,0.093222,0.259355,0.006661
0.065209,0.127999,0.122469,0.091375,0.460345,0.110431,0.022172
0.167015,0.142618,0.038470,0.152361,0.114513,0.351100,0.033923
0.058896,0.189260,0.037560,0.301113,0.113743,0.174487,0.124940
0.302486,0.017235,0.143962,0.093559,0.068090,0.252742,0.121927
0.490374,0.013762,0.051534,0.105667,0.201403,0.052597,0.084664
0.033301,0.181826,0.132484,0.082837,0.006270,0.551504,0.011777
0.012878,0.127024,0.075073,0.180880,0.379712,0.130751,0.093683
0.220426,0.047690,0.089728,0.055288,0.122145,0.255348,0.209374
0.199723,0.067659,0.319808,0.069871,0.262975,0.020519,0.059445
0.072365,0.062266,0.223583,0.287950,0.130906,0.097932,0.124998
0.067990,0.128325,0.034602,0.370345,0.007042,0.168304,0.223392
0.164433,0.115953,0.023654,0.129305,0.152022,0.346253,0.068379
0.267225,0.091921,0.179087,0.327664,0.062746,0.035077,0.036280
0.539158,0.069527,0.050994,0.069370,0.049092,0.136463,0.085395
0.151235,0.209990,0.244423,0.202899,0.084476,0.066889,0.040089
0.542882,0.094978,0.021314,0.137216,0.048500,0.137672,0.017438
0.147322,0.152230,0.075268,0.041182,0.068181,0.132222,0.383594
0.224690,0.389558,0.089447,0.006492,0.014443,0.067286,0.208084
0.067531,0.103060,0.210294,0.206444,0.166785,0.197678,0.048208
0.020076,0.100432,0.152500,0.412875,0.135890,0.120902,0.057325
0.020802,0.100677,0.095431,0.107862,0.511841,0.091733,0.071654
0.125058,0.064415,0.250670,0.084278,0.115192,0.112620,0.247766
0.147400,0.231511,0.152994,0.060000,0.066767,0.257370,0.083958
0.032406,0.061618,0.273768,0.162083,0.105128,0.200952,0.164044
0.031168,0.023899,0.276134,0.359709,0.232686,0.060141,0.016263
0.029406,0.116304,0.112281,0.038382,0.510470,0.051281,0.141875
0.059589,0.042448,0.476351,0.025371,0.074278,0.036058,0.285904
0.143355,0.062163,0.115628,0.313974,0.061137,0.214877,0.088865
0.223137,0.049302,0.123600,0.145817,0.198073,0.089096,0.170975
0.271016,0.124065,0.051239,0.319273,0.080057,0.135676,0.018674
0.211906,0.287051,0.080238,0.053735,0.063839,0.109976,0.193254
0.193118,0.356697,0.078445,0.075524,0.068991,0.136956,0.090268
0.399246,0.165589,0.166844,0.062681,0.044986,0.087091,0.073563
0.101610,0.028379,0.016571,0.016706,0.104844,0.524793,0.207096
0.035734,0.160310,0.676750,0.036900,0.011674,0.028551,0.050080
0.156504,0.086872,0.035560,0.248452,0.049771,0.061613,0.361227
0.063797,0.185150,0.212054,0.053212,0.268889,0.103347,0.113551
0.059521,0.227173,0.078102,0.175041,0.206041,0.038161,0.215962
0.016735,0.162606,0.104062,0.093580,0.053154,0.489281,0.080582
0.201578,0.455080,0.015246,0.110317,0.031641,0.176558,0.009581
0.036274,0.029159,0.084873,0.055550,0.163668,0.542532,0.087946
0.314481,0.098914,0.233589,0.045037,0.100277,0.141550,0.066151
0.048145,0.169898,0.209809,0.196426,0.030452,0.077871,0.267399
0.178488,0.036027,0.031412,0.021473,0.022008,0.123828,0.586763
0.185567,0.025911,0.022772,0.162789,0.102848,0.053206,0.446907
0.025225,0.489015,0.035712,0.011362,0.100808,0.272234,0.065643
0.116855,0.686321,0.049858,0.030891,0.030252,0.035880,0.049944
0.102120,0.182008,0.048732,0.090427,0.402853,0.123417,0.050443
0.120338,0.280478,0.084772,0.121918,0.081246,0.193728,0.117519
0.137249,0.137991,0.434844,0.019430,0.027830,0.208413,0.034243
0.021403,0.562754,0.082093,0.070025,0.229848,0.011273,0.022603
0.370362,0.336343,0.072456,0.066107,0.052185,0.035636,0.066911
0.215806,0.112522,0.262506,0.106774,0.206491,0.024479,0.071423
0.406313,0.130229,0.046122,0.061082,0.150327,0.035869,0.170058
0.407063,0.056810,0.038740,0.269942,0.039387,0.020579,0.167480
0.129989,0.111645,0.114389,0.027001,0.255764,0.113721,0.247492
0.011217,0.182792,0.128565,0.094213,0.058779,0.273676,0.250759
0.386300,0.219946,0.143024,0.053274,0.019727,0.111753,0.065976
0.690519,0.069083,0.007754,0.042108,0.070174,0.071191,0.049171
0.319095,0.089624,0.059506,0.072552,0.017729,0.018858,0.422636
0.029657,0.606128,0.036109,0.024047,0.167110,0.017593,0.119357
0.093301,0.036730,0.189636,0.270810,0.195153,0.067566,0.146804
0.044403,0.610270,0.084420,0.118478,0.057496,0.047183,0.037749
0.083259,0.012744,0.034337,0.295425,0.049419,0.053633,0.471184
0.728916,0.007002,0.029619,0.014491,0.178215,0.009219,0.032539
0.190427,0.144557,0.104320,0.020899,0.224663,0.223261,0.091872
0.230313,0.093995,0.100300,0.138423,0.309916,0.085478,0.041576
0.192274,0.080303,0.129900,0.148488,0.190143,0.238430,0.020462
0.204709,0.190178,0.176247,0.160935,0.086929,0.096912,0.084090
0.174118,0.085515,0.045609,0.211974,0.175540,0.214392,0.092852
0.319175,0.374320,0.148529,0.019582,0.030899,0.098449,0.009047
0.231974,0.158881,0.028833,0.109829,0.141387,0.252623,0.076473
0.592654,0.042399,0.052782,0.150215,0.017434,0.049054,0.095460
0.127693,0.336874,0.211315,0.074314,0.108271,0.066761,0.074772
0.029441,0.485193,0.012050,0.229272,0.098426,0.036404,0.109214
0.034015,0.038611,0.041622,0.625020,0.145661,0.090284,0.024788
0.180656,0.144027,0.019485,0.136749,0.194131,0.214318,0.110634
0.075978,0.151333,0.042440,0.025848,0.615188,0.059899,0.029314
0.272891,0.184304,0.079612,0.083781,0.096626,0.105700,0.177085
0.064541,0.140713,0.097894,0.058686,0.099253,0.129076,0.409837
0.043948,0.020358,0.011246,0.012109,0.299528,0.519256,0.093555
0.051394,0.192566,0.168360,0.114232,0.060296,0.177589,0.235563
0.036640,0.242671,0.186432,0.210904,0.017696,0.227554,0.078103
0.360898,0.252063,0.057124,0.138053,0.079229,0.051412,0.061221
0.055203,0.536064,0.010692,0.011170,0.225443,0.037052,0.124377
0.161608,0.113113,0.256455,0.035213,0.120707,0.266506,0.046398
0.147579,0.134783,0.085254,0.194019,0.056286,0.370280,0.011800
0.389360,0.038564,0.466265,0.025753,0.014737,0.019894,0.045427
0.023330,0.072792,0.063230,0.030232,0.078596,0.020329,0.711492
0.118230,0.099516,0.111451,0.028415,0.145525,0.243882,0.252982
0.069540,0.115874,0.135688,0.521096,0.066989,0.013667,0.077147
0.187238,0.179903,0.121458,0.028190,0.238199,0.083455,0.161557
0.107132,0.107612,0.473917,0.027806,0.213095,0.050364,0.020074
0.144540,0.157279,0.087154,0.063715,0.138712,0.206104,0.202496
0.022734,0.162509,0.335689,0.068282,0.105175,0.234306,0.071304
0.021845,0.281191,0.088069,0.015263,0.043337,0.200825,0.349470
0.226084,0.077697,0.199843,0.159128,0.079739,0.153527,0.103981
0.211763,0.178176,0.087161,0.104676,0.146245,0.079611,0.192367
0.157943,0.031594,0.182833,0.037562,0.196775,0.190807,0.202484
0.681552,0.034721,0.087839,0.061831,0.042592,0.061644,0.029821
0.349690,0.016171,0.030103,0.143047,0.036570,0.244823,0.179597
0.399911,0.135263,0.020860,0.176097,0.011508,0.120900,0.135461
0.142539,0.005635,0.008813,0.435863,0.259744,0.030071,0.117336
0.095501,0.209344,0.112748,0.177893,0.257031,0.056475,0.091009
0.035381,0.012218,0.207751,0.149759,0.074807,0.493152,0.026932
0.149080,0.337605,0.067783,0.020215,0.103879,0.145191,0.176247
0.073510,0.144170,0.438844,0.246300,0.024620,0.034280,0.038276
0.449723,0.040576,0.182090,0.174561,0.050879,0.082431,0.019740
0.182305,0.291972,0.044779,0.059922,0.253102,0.115576,0.052345
0.197322,0.159668,0.073511,0.259680,0.138615,0.143674,0.027530
0.348010,0.157112,0.283167,0.022002,0.054801,0.105379,0.029530
0.287658,0.166577,0.066642,0.286024,0.031966,0.074629,0.086503
0.095485,0.067630,0.031166,0.194584,0.327220,0.203932,0.079983
0.042191,0.191467,0.080655,0.218110,0.279313,0.094489,0.093775
0.193254,0.085195,0.098890,0.082221,0.066615,0.106270,0.367553
0.383629,0.223947,0.057190,0.043097,0.067959,0.213549,0.010629
0.092406,0.035045,0.021948,0.174601,0.057586,0.500725,0.117689
0.043206,0.613772,0.230129,0.039641,0.028428,0.005445,0.039380
0.050885,0.164785,0.172479,0.063364,0.237494,0.072617,0.238377
0.179753,0.364964,0.194612,0.073742,0.043365,0.106238,0.037326
0.079515,0.033314,0.069582,0.692812,0.026197,0.044028,0.054551
0.095014,0.081341,0.227394,0.324493,0.069812,0.024369,0.177578
0.128500,0.029359,0.106639,0.140421,0.030194,0.553091,0.011796
0.462210,0.118860,0.070852,0.024134,0.113771,0.082362,0.127812
0.349485,0.239090,0.132936,0.097827,0.056908,0.082931,0.040824
0.286944,0.071727,0.145970,0.160241,0.205480,0.017925,0.111712
0.117521,0.025893,0.233954,0.172774,0.238981,0.148302,0.062574
0.330166,0.033122,0.099469,0.069971,0.099848,0.303026,0.064398
0.167345,0.081721,0.033250,0.063143,0.266976,0.075854,0.311710
0.515916,0.002113,0.066676,0.033619,0.057181,0.315023,0.009473
0.041627,0.096066,0.046856,0.174431,0.418016,0.140647,0.082356
0.104855,0.102875,0.042488,0.093840,0.040868,0.580201,0.034872
0.464374,0.080514,0.020717,0.229471,0.063878,0.056142,0.084904
0.102086,0.082853,0.016332,0.079251,0.423844,0.199538,0.096097
0.136161,0.025766,0.182188,0.146234,0.094671,0.094644,0.320336
0.145621,0.155593,0.285606,0.052862,0.166166,0.104212,0.089940
0.222395,0.116041,0.046700,0.109723,0.146000,0.248639,0.110503
0.429020,0.031937,0.231909,0.034105,0.011365,0.072638,0.189026
0.045246,0.119747,0.027063,0.316064,0.146617,0.098988,0.246275
0.482544,0.004333,0.029771,0.127468,0.296436,0.023778,0.035671
0.134259,0.341044,0.077882,0.225939,0.024476,0.102559,0.093840
0.320627,0.353544,0.048079,0.095853,0.133435,0.028657,0.019805
0.096199,0.154716,0.269671,0.166349,0.049299,0.103541,0.160225
0.057079,0.047140,0.027900,0.033838,0.146215,0.244549,0.443279
0.042407,0.015764,0.089068,0.034384,0.187709,0.389855,0.240814
0.780312,0.009718,0.022883,0.086982,0.051680,0.037699,0.010726
0.098751,0.109269,0.132005,0.031626,0.103626,0.492509,0.032214
0.073121,0.174880,0.210678,0.105570,0.039676,0.007965,0.388109
0.306810,0.033316,0.034764,0.094874,0.201988,0.143653,0.184593
0.030545,0.043275,0.227148,0.063849,0.045473,0.277197,0.312513
0.103203,0.363066,0.092144,0.136396,0.077486,0.084208,0.143497
0.140129,0.025288,0.012857,0.030688,0.419972,0.305315,0.065752
0.187212,0.086720,0.095748,0.088099,0.109524,0.378267,0.054430
0.061874,0.043913,0.201215,0.149011,0.400091,0.054433,0.089464
0.223858,0.087284,0.003847,0.010377,0.049587,0.166098,0.458949
0.106366,0.093469,0.095450,0.042891,0.017913,0.464159,0.179752
0.059625,0.045084,0.085993,0.157170,0.080731,0.482727,0.088670
0.017015,0.120309,0.046388,0.181185,0.490567,0.046011,0.098524
0.272242,0.127023,0.056414,0.115769,0.242367,0.096108,0.090076
0.129212,0.070444,0.290701,0.093132,0.213225,0.037004,0.166281
0.205668,0.043136,0.199046,0.036874,0.076901,0.264870,0.173505
0.064351,0.238149,0.165917,0.114784,0.169517,0.184995,0.062288
0.050649,0.312664,0.007121,0.428693,0.060356,0.091641,0.048875
0.115335,0.088888,0.084780,0.061057,0.261815,0.071038,0.317088
0.062602,0.048375,0.347008,0.043948,0.085357,0.246142,0.166569
0.118896,0.442233,0.093580,0.067724,0.062084,0.122825,0.092656
0.133831,0.521571,0.074509,0.086240,0.080033,0.053485,0.050333
0.205645,0.175804,0.073475,0.077849,0.291272,0.069379,0.106576
0.316875,0.174320,0.057894,0.041458,0.014621,0.239590,0.155242
0.196444,0.129032,0.002970,0.116295,0.147063,0.239371,0.168826
0.446828,0.159385,0.078280,0.189240,0.078032,0.027340,0.020896
0.483653,0.119296,0.105237,0.051515,0.023959,0.157774,0.058566
0.039147,0.056036,0.060898,0.109523,0.187346,0.117542,0.429508
0.094940,0.040343,0.029699,0.623874,0.075278,0.021758,0.114108
0.100513,0.193795,0.068767,0.312732,0.063604,0.065567,0.195023
0.288333,0.196018,0.010124,0.230088,0.133817,0.011105,0.130515
0.226305,0.255175,0.094524,0.110147,0.129340,0.054397,0.130112
0.019930,0.157483,0.022669,0.013980,0.055054,0.602808,0.128076
0.674565,0.142416,0.024557,0.061083,0.020738,0.047151,0.029490
0.156690,0.137684,0.138356,0.104567,0.173425,0.043934,0.245345
0.036634,0.220935,0.234808,0.038736,0.453003,0.007590,0.008293
0.121201,0.054188,0.086721,0.117848,0.338944,0.249877,0.031220
0.146690,0.038246,0.035414,0.054305,0.067649,0.520685,0.137011
0.180505,0.123919,0.305887,0.061382,0.073175,0.125332,0.129799
0.172940,0.102930,0.334361,0.146699,0.069427,0.088798,0.084845
0.091132,0.129366,0.285911,0.084777,0.096491,0.068508,0.243814
0.189443,0.214590,0.018898,0.211256,0.169850,0.029949,0.166014
0.178643,0.017885,0.070898,0.589998,0.015799,0.079796,0.046980
0.446756,0.095105,0.027943,0.076221,0.015315,0.067318,0.271343
0.239663,0.081194,0.012094,0.038720,0.529593,0.015921,0.082815
0.172398,0.031564,0.137673,0.069372,0.134308,0.448739,0.005946
0.164492,0.129404,0.064431,0.146506,0.353133,0.108927,0.033107
0.123212,0.050578,0.135920,0.085245,0.431115,0.095836,0.078094
0.352718,0.183892,0.017837,0.068573,0.112119,0.113909,0.150953
0.118737,0.022912,0.184055,0.541574,0.080739,0.032041,0.019942
0.074176,0.235717,0.070882,0.358487,0.060990,0.177951,0.021798
0.047264,0.249621,0.009345,0.107059,0.424148,0.009249,0.153313
0.129607,0.089308,0.105492,0.275676,0.104576,0.088871,0.206470
0.123072,0.540347,0.065736,0.124063,0.060848,0.004856,0.081078
0.158711,0.034356,0.037822,0.053490,0.279544,0.414675,0.021401
0.054880,0.392861,0.043867,0.112721,0.086174,0.139325,0.170174
0.169271,0.288649,0.299801,0.045202,0.074630,0.104196,0.018251
0.094171,0.098840,0.448739,0.068097,0.124739,0.132087,0.033328
0.186313,0.024928,0.022180,0.247652,0.195532,0.103764,0.219632
0.076541,0.365645,0.165066,0.094616,0.038441,0.163186,0.096505
0.008829,0.374862,0.033462,0.216636,0.119877,0.015786,0.230547
0.173923,0.047745,0.219974,0.017164,0.216477,0.234970,0.089748
0.086244,0.014426,0.058166,0.139355,0.079924,0.569143,0.052742
0.026168,0.073138,0.415388,0.216049,0.029640,0.194266,0.045351
0.039391,0.085003,0.029178,0.045382,0.702631,0.036455,0.061960
0.285177,0.339657,0.105048,0.066430,0.044547,0.110116,0.049024
0.043273,0.111458,0.449426,0.082126,0.068914,0.107321,0.137482
0.029758,0.029409,0.006293,0.213264,0.432810,0.027034,0.261431
0.639383,0.027249,0.094808,0.026997,0.042958,0.093439,0.075167
0.045309,0.394575,0.152951,0.131830,0.056823,0.142315,0.076197
0.035221,0.057364,0.179302,0.297069,0.094060,0.225642,0.111342
0.463875,0.142954,0.093677,0.081895,0.051425,0.122049,0.044126
0.083991,0.251060,0.069938,0.209048,0.063475,0.278609,0.043880
0.121294,0.211497,0.180086,0.088198,0.074761,0.029609,0.294555
0.169400,0.192358,0.023343,0.179885,0.283278,0.035886,0.115851
0.165256,0.042282,0.192069,0.022120,0.175558,0.190055,0.212661
0.387952,0.018263,0.027431,0.012736,0.245990,0.297026,0.010601
0.049571,0.082837,0.271116,0.055847,0.165696,0.325275,0.049659
0.012921,0.676025,0.059567,0.005873,0.157914,0.017038,0.070662
0.162895,0.101233,0.080632,0.345398,0.151983,0.061802,0.096059
0.255258,0.122820,0.093320,0.231846,0.023307,0.074262,0.199187
0.048404,0.142876,0.240937,0.142048,0.267653,0.083755,0.074327
0.053288,0.314771,0.361159,0.025643,0.035265,0.029926,0.179947
0.382589,0.033035,0.076831,0.056426,0.134857,0.067800,0.248463
0.515819,0.103523,0.067477,0.115834,0.054301,0.055416,0.087630
0.043508,0.055364,0.366234,0.169358,0.192955,0.143761,0.028820
0.345085,0.072867,0.061849,0.297808,0.069948,0.099855,0.052589
0.683478,0.082578,0.050515,0.083643,0.019594,0.035061,0.045131
0.124652,0.050746,0.119062,0.073171,0.340497,0.095314,0.196557
0.155597,0.076771,0.457326,0.062958,0.140640,0.045100,0.061608
0.072874,0.244658,0.108777,0.191609,0.111139,0.005560,0.265383
0.447994,0.123116,0.298785,0.037209,0.038757,0.033018,0.021121
0.092446,0.137449,0.030115,0.133534,0.537673,0.032741,0.036042
0.125921,0.010131,0.025299,0.043121,0.009671,0.128596,0.657261
0.168254,0.013253,0.721149,0.032242,0.007845,0.020673,0.036584
0.338005,0.112846,0.070469,0.151338,0.293805,0.006912,0.026627
0.069490,0.249092,0.552168,0.027531,0.021733,0.076535,0.003451
0.253164,0.043447,0.259150,0.155000,0.182271,0.040966,0.066003
0.043595,0.060199,0.444864,0.091134,0.043310,0.070505,0.246393
0.040606,0.241499,0.028116,0.139581,0.071686,0.365786,0.112726
0.129993,0.279677,0.130030,0.278574,0.074390,0.022091,0.085244
0.063306,0.052862,0.150411,0.075573,0.133816,0.365681,0.158351
0.043722,0.187186,0.049279,0.118305,0.338446,0.168688,0.094374
0.094866,0.135105,0.160210,0.007002,0.034203,0.471416,0.097198
0.150406,0.068876,0.282248,0.063120,0.349168,0.062886,0.023296
0.015268,0.282129,0.464953,0.075428,0.097260,0.059811,0.005151
0.080890,0.111920,0.100721,0.160176,0.343578,0.119970,0.082744
0.009888,0.310957,0.035628,0.180028,0.155583,0.025854,0.282064
0.555739,0.089873,0.036264,0.013773,0.011102,0.120992,0.172257
0.101001,0.088112,0.057464,0.126358,0.108079,0.228353,0.290634
0.060646,0.017917,0.142928,0.112186,0.257947,0.096465,0.311911
0.039600,0.056839,0.020304,0.125977,0.115097,0.088071,0.554111
0.485297,0.022136,0.053347,0.026431,0.147112,0.157441,0.108236
0.139710,0.102505,0.108491,0.317648,0.048932,0.045552,0.237163
0.140901,0.130544,0.073532,0.352019,0.108582,0.158708,0.035715
0.086013,0.122900,0.099819,0.044550,0.057296,0.447871,0.141552
0.129275,0.230363,0.184959,0.145061,0.160773,0.083956,0.065614
0.670836,0.034013,0.036829,0.047600,0.067883,0.038297,0.104542
0.021635,0.079279,0.231370,0.007306,0.090345,0.557510,0.012555
0.028550,0.185945,0.049840,0.221347,0.359245,0.035861,0.119212
0.043403,0.080971,0.045699,0.235798,0.312539,0.037893,0.243698
0.006465,0.227712,0.175372,0.018948,0.043365,0.255952,0.272185
0.218455,0.101130,0.202873,0.065432,0.092370,0.097907,0.221834
0.124055,0.053690,0.028118,0.239799,0.084944,0.214633,0.254761
0.485630,0.018095,0.073823,0.058056,0.156379,0.104470,0.103547
0.031514,0.049593,0.088627,0.331507,0.146436,0.269731,0.082593
0.213407,0.086044,0.210456,0.139854,0.074672,0.035492,0.240076
0.015118,0.137978,0.042148,0.051914,0.261421,0.483095,0.008327
0.051623,0.063866,0.526718,0.059564,0.018941,0.040452,0.238835
0.024770,0.253515,0.068971,0.060907,0.380515,0.086772,0.124549
0.033845,0.108381,0.423332,0.015411,0.075589,0.133482,0.209960
0.073840,0.156061,0.022869,0.502245,0.030910,0.158492,0.055584
0.331995,0.129531,0.148654,0.172796,0.138637,0.057150,0.021237
0.194543,0.026853,0.258976,0.062073,0.384021,0.036883,0.036652
0.080471,0.156088,0.148961,0.230389,0.160880,0.043888,0.179323
0.035413,0.094755,0.210396,0.222069,0.101987,0.174241,0.161139
0.154063,0.122268,0.036834,0.158721,0.281293,0.114628,0.132193
0.067433,0.241384,0.310888,0.192424,0.038637,0.116211,0.033022
0.084012,0.013285,0.147370,0.111654,0.385869,0.053396,0.204415
0.300395,0.219342,0.207623,0.080215,0.041479,0.133263,0.017683
0.141485,0.222351,0.070507,0.096667,0.053269,0.108630,0.307091
0.048647,0.085814,0.230549,0.147652,0.076992,0.103833,0.306513
0.027739,0.036685,0.244938,0.052812,0.188071,0.319359,0.130395
0.287979,0.079308,0.041234,0.189080,0.042867,0.044835,0.314697
0.159807,0.475424,0.017488,0.146057,0.083484,0.063978,0.053763
0.011307,0.046958,0.014667,0.024792,0.015038,0.137528,0.749710
0.027239,0.635372,0.033898,0.088792,0.091566,0.012292,0.110841
0.513469,0.104882,0.143561,0.112304,0.023092,0.043577,0.059115
0.152497,0.300687,0.044851,0.056813,0.210857,0.193394,0.040902
0.085960,0.097126,0.020388,0.096811,0.455439,0.101997,0.142280
0.040629,0.216202,0.134153,0.112904,0.092901,0.370037,0.033174
0.265544,0.108734,0.181411,0.202296,0.024635,0.175058,0.042323
0.208406,0.319603,0.121594,0.055683,0.063211,0.059516,0.171986
0.017074,0.147301,0.057507,0.116132,0.305357,0.089750,0.266878
0.113012,0.109994,0.129561,0.434590,0.055560,0.056414,0.100869
0.085044,0.021047,0.013038,0.430826,0.258037,0.133971,0.058038
0.195772,0.201875,0.042029,0.180001,0.118218,0.036052,0.226054
0.096865,0.053585,0.219380,0.055770,0.069120,0.319025,0.186255
0.057003,0.044246,0.285925,0.032839,0.342733,0.121978,0.115276
0.276351,0.024342,0.226291,0.063276,0.112407,0.112226,0.185107
0.035692,0.092400,0.061686,0.084490,0.038439,0.522263,0.165031
0.146577,0.175737,0.084610,0.214839,0.074410,0.112524,0.191302
0.140624,0.073959,0.087021,0.171718,0.269000,0.175624,0.082054
0.256465,0.138431,0.329814,0.141233,0.016487,0.093985,0.023585
0.286405,0.114475,0.171998,0.169951,0.087053,0.152333,0.017784
0.024811,0.352531,0.180151,0.257679,0.039257,0.057639,0.087932
0.015598,0.448746,0.391268,0.044447,0.038178,0.033780,0.027983
0.358250,0.032962,0.147392,0.028481,0.055658,0.257661,0.119597
0.013735,0.035509,0.285749,0.099428,0.065850,0.175273,0.324456
0.148585,0.403288,0.046425,0.306436,0.016318,0.007235,0.071713
0.118289,0.116000,0.252459,0.246837,0.051610,0.158658,0.056147
0.223503,0.317258,0.071349,0.145912,0.014266,0.137352,0.090360
0.212657,0.050130,0.035306,0.104585,0.325840,0.216555,0.054928
0.073144,0.016678,0.094103,0.100539,0.014912,0.458322,0.242301
0.048113,0.064162,0.096356,0.165961,0.207201,0.066261,0.351947
0.015481,0.166385,0.093861,0.531017,0.047734,0.040540,0.104983
0.237186,0.054211,0.102467,0.206298,0.170838,0.117668,0.111332
0.028773,0.072936,0.145954,0.285144,0.188144,0.200114,0.078936
0.021999,0.017909,0.487248,0.151687,0.040933,0.157174,0.123051
0.021116,0.079878,0.176226,0.063895,0.081614,0.352801,0.224469
0.292509,0.070351,0.036471,0.147773,0.288288,0.084092,0.080515
0.022370,0.063623,0.545592,0.266083,0.068553,0.009788,0.023991
0.025863,0.110957,0.080273,0.239635,0.239605,0.033198,0.270468
0.061105,0.197144,0.224816,0.302340,0.079079,0.057283,0.078233
0.044933,0.143860,0.113219,0.501939,0.086128,0.027965,0.081957
0.226565,0.164591,0.141431,0.052002,0.304792,0.035188,0.075431
0.390047,0.162087,0.099601,0.078464,0.068946,0.175805,0.025051
0.082432,0.056602,0.215584,0.479038,0.085094,0.029299,0.051951
0.233142,0.206847,0.023067,0.042016,0.278194,0.150089,0.066645
0.139716,0.012691,0.120714,0.202813,0.205454,0.116354,0.202259
0.358207,0.354840,0.087197,0.029953,0.043176,0.085130,0.041497
0.035597,0.186325,0.372600,0.151219,0.144060,0.050866,0.059332
0.028355,0.086817,0.168288,0.060472,0.459618,0.123471,0.072979
0.054616,0.153860,0.579063,0.104645,0.032857,0.053609,0.021350
0.021429,0.200510,0.056494,0.130752,0.518474,0.026672,0.045669
0.190116,0.032517,0.127024,0.134778,0.100849,0.363475,0.051240
0.184218,0.201097,0.041673,0.028486,0.034806,0.388084,0.121636
0.051968,0.057986,0.060354,0.043519,0.046559,0.323091,0.416524
0.311492,0.028939,0.114344,0.208984,0.155736,0.154522,0.025983
0.089731,0.029326,0.330843,0.247330,0.152144,0.038237,0.112388
0.204154,0.394608,0.073974,0.056887,0.078717,0.170258,0.021403
0.291862,0.098932,0.047875,0.187213,0.181252,0.130765,0.062101
0.086398,0.027346,0.247747,0.277155,0.263822,0.069377,0.028154
0.067318,0.121316,0.075039,0.360875,0.037605,0.246874,0.090974
0.042978,0.055019,0.090295,0.137864,0.131732,0.333969,0.208142
0.635469,0.207528,0.050786,0.009966,0.015101,0.076217,0.004933
0.208472,0.185957,0.101283,0.029045,0.158770,0.212603,0.103871
0.020661,0.005067,0.214255,0.097093,0.497958,0.109629,0.055335
0.020371,0.078038,0.371360,0.100079,0.085013,0.293387,0.051751
0.057858,0.038689,0.154869,0.167133,0.071447,0.034610,0.475394
0.027170,0.168886,0.502753,0.098571,0.066571,0.022728,0.113320
0.112193,0.195130,0.093252,0.344018,0.031980,0.012789,0.210639
0.096037,0.352181,0.170998,0.089843,0.126971,0.042074,0.121896
0.063305,0.164110,0.149171,0.229679,0.158773,0.127050,0.107911
0.191937,0.216715,0.069617,0.056662,0.081224,0.198126,0.185719
0.533052,0.143658,0.079521,0.027103,0.045014,0.096716,0.074936
0.347354,0.145341,0.028895,0.415199,0.024541,0.016141,0.022530
0.243168,0.098388,0.336445,0.030708,0.151163,0.093794,0.046334
0.020142,0.183752,0.538888,0.069377,0.143156,0.017689,0.026997
0.180252,0.090553,0.112081,0.028785,0.279594,0.081237,0.227498
0.083370,0.175387,0.154999,0.214320,0.127705,0.140632,0.103587
0.320451,0.019104,0.107053,0.067288,0.144416,0.270369,0.071320
0.017837,0.170982,0.019876,0.144907,0.001403,0.056974,0.588021
0.082539,0.033927,0.065566,0.101481,0.015997,0.506426,0.194064
0.309564,0.221877,0.300648,0.073478,0.074522,0.014396,0.005514
0.091373,0.118910,0.025380,0.474062,0.015555,0.115554,0.159167
0.007991,0.014006,0.027630,0.076986,0.096277,0.557192,0.219918
0.130708,0.070286,0.250439,0.129801,0.163969,0.105501,0.149296
0.052957,0.012297,0.353995,0.240015,0.066190,0.236736,0.037811
0.454366,0.057920,0.086380,0.037851,0.056258,0.234639,0.072586
0.012719,0.239692,0.270558,0.062486,0.274734,0.041773,0.098039
0.213447,0.070115,0.309576,0.146220,0.016198,0.187613,0.056831
0.195486,0.061116,0.400695,0.030148,0.207753,0.062815,0.041987
0.094683,0.030992,0.019609,0.202606,0.027741,0.075501,0.548867
0.039897,0.100732,0.017494,0.047195,0.114923,0.396473,0.283286
0.049483,0.008212,0.243501,0.067522,0.323351,0.070422,0.237509
0.588913,0.087804,0.056821,0.073255,0.023180,0.095945,0.074082
0.056597,0.117122,0.471644,0.110831,0.123343,0.039091,0.081372
0.112966,0.123300,0.034592,0.042771,0.132118,0.136975,0.417279
0.117019,0.067491,0.075917,0.024780,0.522193,0.167540,0.025060
0.053929,0.133569,0.019166,0.105545,0.157972,0.212677,0.317142
0.025863,0.103912,0.170004,0.094584,0.087403,0.442046,0.076188
0.103676,0.365941,0.153272,0.033491,0.155825,0.046776,0.141019
0.457497,0.047128,0.151335,0.024036,0.041981,0.259345,0.018678
0.259790,0.175912,0.016705,0.115348,0.248846,0.083462,0.099938
0.043395,0.106431,0.437034,0.222651,0.103675,0.012832,0.073982
0.132848,0.081507,0.168994,0.147563,0.391314,0.066553,0.011221
0.162251,0.026796,0.056700,0.177130,0.418706,0.033802,0.124615
0.135719,0.110499,0.539822,0.053654,0.025902,0.086247,0.048156
0.117194,0.172797,0.049403,0.324936,0.054389,0.175345,0.105936
0.288831,0.057655,0.326769,0.050673,0.091745,0.118321,0.066006
0.098309,0.101111,0.109948,0.139262,0.161000,0.198246,0.192124
0.238750,0.206988,0.052726,0.352138,0.056857,0.046082,0.046460
0.190456,0.075184,0.295054,0.087945,0.150744,0.123689,0.076929
0.231976,0.146360,0.251692,0.051195,0.128165,0.056474,0.134138
0.269620,0.180217,0.334406,0.097923,0.025041,0.062218,0.030575
0.200425,0.273234,0.056351,0.228915,0.119289,0.115470,0.006316
0.173050,0.120001,0.189944,0.062925,0.174802,0.257312,0.021967
0.021566,0.391481,0.052488,0.222188,0.116441,0.145021,0.050816
0.059266,0.283454,0.091599,0.105166,0.207399,0.164766,0.088350
0.127082,0.210687,0.058191,0.095429,0.117852,0.130016,0.260744
0.021015,0.233411,0.320991,0.045607,0.150158,0.123090,0.105728
0.708153,0.024125,0.027601,0.020962,0.066994,0.095851,0.056313
0.075037,0.537106,0.037704,0.077079,0.192490,0.023990,0.056593
0.254318,0.060532,0.017409,0.083177,0.157267,0.102251,0.325046
0.098070,0.087553,0.073069,0.090927,0.580201,0.036862,0.033318
0.209418,0.304213,0.014055,0.197830,0.030060,0.218112,0.026312
0.301573,0.083355,0.052247,0.225736,0.023234,0.224505,0.089350
0.026194,0.133001,0.093042,0.377435,0.113266,0.210563,0.046501
0.346480,0.060410,0.017258,0.411180,0.052080,0.082102,0.030489
0.071437,0.138055,0.057044,0.024693,0.126567,0.515136,0.067067
0.123390,0.320741,0.079018,0.241481,0.122224,0.066669,0.046478
0.120150,0.103225,0.201845,0.102023,0.213068,0.114030,0.145659
0.006879,0.115090,0.069764,0.535051,0.009871,0.103301,0.160044
0.023384,0.287038,0.044958,0.095873,0.185788,0.205285,0.157674
0.139347,0.125191,0.055088,0.189378,0.079102,0.301074,0.110820
0.117793,0.069754,0.473288,0.154560,0.059967,0.106592,0.018044
0.290130,0.018078,0.455444,0.039003,0.081331,0.071986,0.044028
0.146616,0.290761,0.031842,0.066502,0.384614,0.041899,0.037766
0.223125,0.020703,0.047311,0.427220,0.079817,0.156891,0.044934
0.051091,0.240264,0.148620,0.200105,0.057941,0.132317,0.169663
0.068434,0.654280,0.126210,0.018357,0.055860,0.053330,0.023529
0.127750,0.043182,0.091867,0.061484,0.117777,0.102816,0.455124
0.089495,0.073019,0.087468,0.177070,0.378140,0.050496,0.144312
0.046991,0.036096,0.027059,0.035261,0.019134,0.784009,0.051449
0.026447,0.125125,0.575217,0.003063,0.112466,0.048142,0.109540
0.485367,0.049129,0.276686,0.039453,0.045988,0.062206,0.041171
0.092692,0.072057,0.598508,0.103283,0.026407,0.053185,0.053866
0.022736,0.142942,0.105637,0.114395,0.310560,0.197636,0.106094
0.351124,0.034580,0.024783,0.116347,0.223934,0.141024,0.108208
0.099314,0.126959,0.065995,0.194182,0.310389,0.082765,0.120396
0.027478,0.176487,0.432206,0.019637,0.212100,0.007451,0.124641
0.162287,0.067901,0.228583,0.049127,0.201308,0.276004,0.014790
0.137304,0.146683,0.059003,0.097901,0.054109,0.396515,0.108486
0.100469,0.021077,0.093510,0.298804,0.243814,0.161220,0.081106
0.111696,0.018980,0.130855,0.108562,0.067258,0.365604,0.197045
0.385658,0.108074,0.120885,0.037985,0.158438,0.090762,0.098199
0.398493,0.073302,0.247160,0.037365,0.053213,0.135309,0.055159
0.431108,0.040349,0.019845,0.221474,0.007047,0.025196,0.254981
0.172271,0.095550,0.192899,0.063258,0.335755,0.047294,0.092974
0.024818,0.123301,0.025699,0.064409,0.537251,0.122054,0.102467
0.124073,0.043598,0.019843,0.067394,0.670413,0.069809,0.004870
0.024687,0.084448,0.035789,0.027171,0.389702,0.320302,0.117902
0.241791,0.298104,0.051568,0.109244,0.164321,0.079835,0.055137
0.054285,0.388536,0.098228,0.102207,0.120909,0.190190,0.045645
0.100262,0.034080,0.061591,0.263893,0.179934,0.129196,0.231044
0.105357,0.241587,0.420613,0.014376,0.053718,0.032689,0.131659
0.207702,0.272564,0.171698,0.034428,0.137508,0.020918,0.155181
0.018867,0.051325,0.054400,0.110309,0.081926,0.642859,0.040313
0.053546,0.190201,0.067406,0.284527,0.102910,0.235033,0.066377
0.220090,0.262673,0.140656,0.114969,0.086460,0.061348,0.113804
0.044625,0.300009,0.046121,0.086703,0.108314,0.317966,0.096262
0.020432,0.410862,0.033855,0.145700,0.020865,0.151044,0.217241
0.086110,0.125183,0.078924,0.113439,0.059902,0.479666,0.056775
0.026707,0.224104,0.396236,0.239136,0.028553,0.009378,0.075886
0.034280,0.092710,0.093141,0.095195,0.226621,0.061081,0.396972
0.115782,0.052073,0.031064,0.596529,0.028830,0.041409,0.134313
0.165724,0.264623,0.161100,0.023076,0.134495,0.107451,0.143531
0.057527,0.360714,0.022460,0.121165,0.048103,0.284880,0.105151
0.326085,0.169790,0.101247,0.075060,0.085844,0.166469,0.075504
0.027824,0.047053,0.065209,0.285347,0.167453,0.342175,0.064939
0.198786,0.372416,0.044707,0.098716,0.099121,0.109527,0.076727
0.017713,0.475798,0.130828,0.169595,0.048207,0.106714,0.051145
0.086348,0.036783,0.030275,0.095695,0.123438,0.616184,0.011276
0.471357,0.153510,0.066159,0.139138,0.043934,0.081857,0.044045
0.085144,0.010947,0.050085,0.039669,0.746913,0.012380,0.054863
0.128954,0.368277,0.073073,0.094763,0.047719,0.177817,0.109395
0.107807,0.326776,0.166927,0.191689,0.048800,0.136124,0.021877
0.086066,0.153199,0.061784,0.033668,0.462128,0.106797,0.096357
0.053749,0.195322,0.086884,0.033928,0.298199,0.215111,0.116807
0.045573,0.022397,0.291470,0.234821,0.061731,0.197817,0.146190
0.019076,0.249784,0.079246,0.034998,0.221396,0.075898,0.319602
0.102828,0.215740,0.201464,0.168747,0.015598,0.034606,0.261017
0.397008,0.105998,0.102560,0.100658,0.153882,0.019813,0.120081
0.144008,0.103867,0.029868,0.050701,0.033935,0.050165,0.587457
0.595789,0.210859,0.037597,0.016886,0.037922,0.072468,0.028480
0.153706,0.293090,0.068469,0.181549,0.131389,0.116688,0.055110
0.116725,0.455120,0.010010,0.071608,0.123556,0.031112,0.191869
0.134683,0.101857,0.019844,0.083520,0.625264,0.022369,0.012462
0.039086,0.254826,0.013940,0.123341,0.503293,0.026078,0.039436
0.160154,0.048293,0.369219,0.226835,0.067490,0.016797,0.111212
0.071315,0.110368,0.095867,0.493922,0.076238,0.046415,0.105875
0.087368,0.023175,0.084017,0.047651,0.091659,0.273856,0.392274
0.259695,0.098622,0.120369,0.205404,0.122806,0.075390,0.117714
0.328958,0.057638,0.237436,0.012843,0.074455,0.057470,0.231201
0.104290,0.112354,0.291152,0.030432,0.121884,0.107232,0.232655
0.059390,0.513696,0.028660,0.053183,0.174950,0.041656,0.128465
0.178721,0.137520,0.111456,0.108037,0.049397,0.128907,0.285962
0.040576,0.054524,0.063198,0.076670,0.390882,0.243388,0.130763
0.046479,0.077809,0.227262,0.261365,0.125441,0.014378,0.247265
0.013345,0.027519,0.060132,0.291468,0.140851,0.404470,0.062214
0.150837,0.244560,0.012431,0.117130,0.046133,0.326212,0.102697
0.182008,0.032661,0.293082,0.035198,0.219586,0.064312,0.173152
0.539865,0.186313,0.042584,0.008458,0.151360,0.046803,0.024617
0.028675,0.037414,0.610296,0.046106,0.090710,0.034004,0.152796
0.143758,0.170185,0.019161,0.392378,0.076329,0.150110,0.048079
0.167790,0.137768,0.074045,0.312711,0.061305,0.230016,0.016364
0.154427,0.096665,0.429802,0.081008,0.023763,0.128920,0.085416
0.355818,0.069722,0.039201,0.041603,0.035174,0.442725,0.015757
0.053269,0.118871,0.177000,0.171193,0.277144,0.141760,0.060763
0.085845,0.141837,0.011691,0.170931,0.122093,0.129955,0.337648
0.511294,0.055282,0.075413,0.094135,0.007761,0.050187,0.205928
0.115700,0.073978,0.033670,0.118007,0.278427,0.245262,0.134956
0.069213,0.020670,0.039613,0.009217,0.409795,0.034972,0.416520
0.025954,0.261188,0.039510,0.201648,0.343309,0.029848,0.098543
0.109482,0.186329,0.044172,0.188557,0.336506,0.034251,0.100703
0.165711,0.046380,0.072604,0.171383,0.056849,0.176060,0.311014
0.203464,0.134367,0.221124,0.084219,0.129594,0.063510,0.163722
0.146584,0.083586,0.058702,0.236221,0.209422,0.154974,0.110511
0.004155,0.616716,0.130059,0.058012,0.038347,0.007949,0.144762
0.149404,0.026964,0.169482,0.016339,0.409297,0.042782,0.185731
0.178946,0.181000,0.140290,0.083979,0.031528,0.264169,0.120087
0.093934,0.045682,0.107259,0.166071,0.068271,0.238243,0.280540
0.542298,0.075171,0.075762,0.021345,0.129944,0.026771,0.128709
0.087561,0.051027,0.015900,0.548455,0.049295,0.142259,0.105504
0.033330,0.147447,0.236134,0.085818,0.055377,0.391657,0.050236
0.272929,0.281842,0.049887,0.096366,0.155080,0.030941,0.112954
0.037207,0.339704,0.125588,0.041457,0.250927,0.060363,0.144755
0.017422,0.052616,0.531637,0.058343,0.151180,0.076449,0.112354
0.485334,0.169516,0.041169,0.221104,0.028852,0.011225,0.042800
0.333710,0.128440,0.090812,0.011431,0.117974,0.052069,0.265564
0.227500,0.044847,0.083584,0.215427,0.094774,0.280486,0.053381
0.090769,0.235156,0.170891,0.184233,0.077951,0.218478,0.022522
0.140861,0.222346,0.258568,0.101682,0.183921,0.048332,0.044290
0.172582,0.029507,0.065362,0.073326,0.094717,0.462475,0.102031
0.041787,0.162806,0.375137,0.195511,0.041782,0.109709,0.073267
0.048985,0.115183,0.050175,0.069400,0.301184,0.098585,0.316487
0.121130,0.184355,0.003790,0.025792,0.024118,0.209931,0.430884
0.151199,0.056763,0.255156,0.234192,0.070749,0.185763,0.046178
0.046812,0.629426,0.021007,0.057788,0.175712,0.014814,0.054442
0.063276,0.073380,0.101017,0.148635,0.035617,0.356006,0.222068
0.415837,0.042265,0.164972,0.010030,0.069649,0.064193,0.233054
0.126400,0.026378,0.627264,0.064984,0.050061,0.090148,0.014765
0.047168,0.181745,0.070729,0.080324,0.445164,0.140552,0.034318
0.351606,0.403322,0.088183,0.050533,0.040047,0.034088,0.032220
0.024670,0.073012,0.053062,0.024546,0.058101,0.071618,0.694992
0.047982,0.611127,0.031837,0.019204,0.006084,0.049480,0.234286
0.020206,0.034454,0.025300,0.275040,0.440287,0.142066,0.062646
0.026841,0.040344,0.066475,0.245739,0.053501,0.506580,0.060520
0.397739,0.098994,0.175766,0.076165,0.018948,0.175323,0.057065
0.030725,0.053610,0.279797,0.288786,0.226437,0.080173,0.040473
0.289990,0.270620,0.011485,0.092660,0.048039,0.138818,0.148388
0.151194,0.022876,0.436320,0.065563,0.112770,0.127970,0.083308
0.377439,0.116158,0.269971,0.049919,0.015414,0.120550,0.050549
0.178548,0.324452,0.085437,0.051863,0.011128,0.057750,0.290824
0.027707,0.123670,0.055971,0.120435,0.012411,0.045352,0.614453
0.225116,0.276447,0.097339,0.056604,0.139028,0.118120,0.087345
0.375382,0.065917,0.371868,0.085861,0.039594,0.050724,0.010653
0.075716,0.058819,0.083059,0.035177,0.632620,0.054657,0.059953
0.035602,0.210816,0.258293,0.049733,0.142635,0.115543,0.187377
0.237863,0.169106,0.039119,0.247894,0.050146,0.212612,0.043261
0.139464,0.180732,0.169029,0.070981,0.111515,0.103212,0.225067
0.420457,0.210513,0.005061,0.078797,0.024677,0.128949,0.131546
0.208519,0.100296,0.060656,0.059331,0.316643,0.209761,0.044795
0.182037,0.012842,0.096197,0.552210,0.014659,0.052885,0.089170
0.021517,0.573117,0.077854,0.044817,0.179914,0.068232,0.034549
0.051167,0.141003,0.219388,0.229637,0.078602,0.220871,0.059331
0.030157,0.019415,0.002863,0.020837,0.862948,0.026907,0.036873
0.290482,0.300513,0.037200,0.171895,0.077068,0.043133,0.079710
0.288207,0.246786,0.150221,0.020281,0.111301,0.068223,0.114980
0.040810,0.126185,0.042161,0.137832,0.261442,0.134540,0.257030
0.353895,0.106429,0.028296,0.236457,0.121196,0.066855,0.086872
0.082877,0.018536,0.119306,0.103088,0.559944,0.051364,0.064885
0.067560,0.095061,0.026877,0.317354,0.104651,0.367931,0.020566
0.045458,0.410393,0.268962,0.019873,0.025419,0.092393,0.137502
0.195030,0.224565,0.022846,0.035190,0.239180,0.059651,0.223537
0.088005,0.191120,0.069702,0.074684,0.119663,0.182850,0.273975
0.056257,0.237924,0.078099,0.198777,0.030768,0.176560,0.221614
0.226281,0.186321,0.193524,0.010678,0.251957,0.068783,0.062456
0.071315,0.144764,0.191666,0.088827,0.082812,0.350306,0.070309
0.090219,0.061180,0.169001,0.018113,0.541200,0.055463,0.064824
0.086869,0.136364,0.042818,0.083190,0.116319,0.387299,0.147141
0.075446,0.030229,0.132846,0.009238,0.057884,0.523283,0.171074
0.130415,0.220417,0.428473,0.028515,0.043037,0.107444,0.041700
0.123575,0.018944,0.080615,0.258965,0.121707,0.261142,0.135052
0.183550,0.174721,0.274515,0.131562,0.190424,0.016319,0.028908
0.055921,0.072046,0.015719,0.168618,0.518937,0.019120,0.149639
0.265863,0.043738,0.164439,0.067955,0.063428,0.254618,0.139958
0.256744,0.224694,0.283742,0.050660,0.065370,0.073743,0.045046
0.374733,0.155018,0.037784,0.079780,0.128438,0.160831,0.063416
0.066585,0.224582,0.163833,0.050076,0.293451,0.066881,0.134592
0.269069,0.062246,0.112589,0.035890,0.173788,0.113005,0.233415
0.110599,0.112200,0.069720,0.162789,0.045982,0.464270,0.034440
0.296812,0.354424,0.112458,0.038244,0.020867,0.111048,0.066148
0.313467,0.065753,0.121809,0.029801,0.192754,0.066053,0.210363
0.143384,0.164661,0.151346,0.033910,0.138266,0.188210,0.180223
