1.000000,0.000000,0.000000,0.000000,0.000000,0.000000,0.000000
0.133894,0.141155,0.137694,0.152717,0.138732,0.144648,0.151159
0.133747,0.141128,0.137610,0.152876,0.138661,0.144681,0.151296
0.133732,0.141124,0.137603,0.152889,0.138654,0.144688,0.151308
0.133738,0.141127,0.137607,0.152883,0.138657,0.144687,0.151301
0.133794,0.141139,0.137639,0.152823,0.138684,0.144673,0.151249
0.133801,0.141141,0.137643,0.152816,0.138687,0.144670,0.151242
0.133774,0.141140,0.137635,0.152833,0.138679,0.144679,0.151261
0.133773,0.141136,0.137628,0.152841,0.138676,0.144678,0.151267
0.133767,0.141137,0.137625,0.152848,0.138672,0.144679,0.151273
0.133824,0.141146,0.137661,0.152783,0.138701,0.144668,0.151218
0.133790,0.141141,0.137642,0.152818,0.138686,0.144675,0.151248
0.133800,0.141144,0.137648,0.152807,0.138690,0.144673,0.151237
0.133913,0.141164,0.137712,0.152688,0.138743,0.144647,0.151133
0.133903,0.141162,0.137706,0.152697,0.138739,0.144650,0.151144
0.133854,0.141153,0.137680,0.152747,0.138715,0.144660,0.151190
0.133883,0.141161,0.137699,0.152713,0.138730,0.144655,0.151159
0.133851,0.141157,0.137682,0.152745,0.138719,0.144662,0.151185
0.133864,0.141162,0.137693,0.152728,0.138725,0.144657,0.151170
0.133878,0.141163,0.137700,0.152715,0.138730,0.144657,0.151158
0.133798,0.141147,0.137656,0.152798,0.138693,0.144676,0.151233
0.133717,0.141132,0.137609,0.152886,0.138652,0.144694,0.151311
0.133743,0.141137,0.137626,0.152856,0.138666,0.144689,0.151283
0.133618,0.141114,0.137552,0.152991,0.138605,0.144718,0.151402
0.133635,0.141118,0.137565,0.152970,0.138614,0.144715,0.151383
0.133644,0.141121,0.137574,0.152956,0.138619,0.144714,0.151371
0.133673,0.141126,0.137592,0.152925,0.138632,0.144706,0.151347
0.133687,0.141132,0.137607,0.152903,0.138640,0.144704,0.151327
0.133699,0.141132,0.137612,0.152890,0.138646,0.144703,0.151318
0.133706,0.141132,0.137614,0.152888,0.138649,0.144699,0.151313
0.133755,0.141143,0.137640,0.152836,0.138673,0.144687,0.151266
0.133741,0.141140,0.137633,0.152848,0.138668,0.144691,0.151279
0.133772,0.141148,0.137652,0.152813,0.138683,0.144683,0.151247
0.133721,0.141138,0.137625,0.152866,0.138659,0.144696,0.151296
0.133695,0.141134,0.137610,0.152894,0.138646,0.144700,0.151321
0.133683,0.141132,0.137603,0.152908,0.138640,0.144704,0.151331
0.133766,0.141146,0.137649,0.152820,0.138680,0.144686,0.151254
0.133771,0.141146,0.137651,0.152816,0.138681,0.144686,0.151249
0.133727,0.141137,0.137626,0.152862,0.138661,0.144695,0.151292
0.133700,0.141132,0.137608,0.152894,0.138646,0.144701,0.151318
0.133711,0.141136,0.137618,0.152877,0.138654,0.144699,0.151306
0.133686,0.141132,0.137605,0.152903,0.138642,0.144704,0.151329
0.133559,0.141110,0.137534,0.153036,0.138582,0.144732,0.151447
0.133543,0.141110,0.137528,0.153051,0.138575,0.144735,0.151457
0.133568,0.141114,0.137544,0.153022,0.138587,0.144732,0.151433
0.133515,0.141105,0.137517,0.153076,0.138562,0.144744,0.151480
0.133471,0.141100,0.137496,0.153118,0.138541,0.144754,0.151520
0.133498,0.141105,0.137514,0.153087,0.138556,0.144748,0.151492
0.133453,0.141096,0.137485,0.153138,0.138534,0.144758,0.151536
0.133466,0.141099,0.137493,0.153123,0.138541,0.144754,0.151523
0.133488,0.141104,0.137504,0.153101,0.138552,0.144748,0.151503
0.133524,0.141112,0.137525,0.153061,0.138570,0.144739,0.151469
0.133589,0.141124,0.137562,0.152991,0.138602,0.144723,0.151409
0.133607,0.141128,0.137571,0.152974,0.138610,0.144717,0.151393
0.133607,0.141127,0.137569,0.152975,0.138610,0.144717,0.151395
0.133611,0.141129,0.137571,0.152973,0.138611,0.144715,0.151390
0.133609,0.141128,0.137569,0.152974,0.138612,0.144716,0.151391
0.133651,0.141134,0.137591,0.152933,0.138629,0.144706,0.151356
0.133704,0.141140,0.137612,0.152886,0.138654,0.144693,0.151311
0.133695,0.141136,0.137601,0.152901,0.138648,0.144694,0.151324
0.133679,0.141133,0.137591,0.152919,0.138641,0.144698,0.151340
0.133668,0.141131,0.137584,0.152932,0.138635,0.144701,0.151349
0.133643,0.141128,0.137571,0.152957,0.138623,0.144706,0.151372
0.133640,0.141126,0.137570,0.152959,0.138622,0.144707,0.151375
0.133603,0.141121,0.137546,0.153000,0.138604,0.144713,0.151412
0.133661,0.141130,0.137576,0.152943,0.138631,0.144701,0.151358
0.133699,0.141137,0.137598,0.152902,0.138649,0.144692,0.151324
0.133725,0.141141,0.137611,0.152877,0.138659,0.144685,0.151303
0.133766,0.141147,0.137635,0.152832,0.138679,0.144677,0.151263
0.133755,0.141144,0.137628,0.152845,0.138675,0.144681,0.151272
0.133778,0.141149,0.137642,0.152819,0.138686,0.144676,0.151250
0.133737,0.141142,0.137621,0.152859,0.138668,0.144684,0.151289
0.133683,0.141133,0.137589,0.152918,0.138642,0.144696,0.151339
0.133531,0.141106,0.137498,0.153084,0.138568,0.144729,0.151483
0.133481,0.141097,0.137471,0.153135,0.138545,0.144741,0.151530
0.133453,0.141091,0.137453,0.153167,0.138531,0.144748,0.151557
0.133422,0.141085,0.137435,0.153201,0.138516,0.144756,0.151585
0.133399,0.141083,0.137424,0.153222,0.138506,0.144761,0.151605
0.133368,0.141075,0.137403,0.153260,0.138489,0.144768,0.151637
0.133355,0.141073,0.137393,0.153276,0.138484,0.144769,0.151651
0.133369,0.141074,0.137402,0.153260,0.138489,0.144770,0.151636
0.133363,0.141073,0.137398,0.153267,0.138486,0.144772,0.151642
0.133362,0.141074,0.137400,0.153266,0.138486,0.144771,0.151642
0.133345,0.141071,0.137390,0.153284,0.138478,0.144775,0.151658
0.133298,0.141062,0.137363,0.153336,0.138453,0.144785,0.151703
0.133323,0.141066,0.137375,0.153312,0.138465,0.144780,0.151680
0.133314,0.141064,0.137372,0.153319,0.138462,0.144782,0.151687
0.133312,0.141064,0.137372,0.153319,0.138462,0.144784,0.151687
0.133340,0.141071,0.137389,0.153288,0.138475,0.144777,0.151660
0.133354,0.141075,0.137403,0.153268,0.138482,0.144774,0.151645
0.133341,0.141074,0.137399,0.153278,0.138477,0.144777,0.151654
0.133343,0.141072,0.137398,0.153277,0.138478,0.144779,0.151653
0.133338,0.141070,0.137392,0.153287,0.138474,0.144779,0.151660
0.133302,0.141064,0.137373,0.153323,0.138457,0.144787,0.151693
0.133266,0.141056,0.137351,0.153363,0.138440,0.144796,0.151728
0.133289,0.141058,0.137361,0.153344,0.138449,0.144789,0.151709
0.133347,0.141069,0.137392,0.153284,0.138477,0.144776,0.151655
0.133325,0.141064,0.137379,0.153307,0.138467,0.144781,0.151677
0.133330,0.141065,0.137381,0.153303,0.138469,0.144780,0.151674
0.133316,0.141064,0.137375,0.153317,0.138462,0.144783,0.151684
0.133284,0.141058,0.137359,0.153347,0.138448,0.144791,0.151713
0.133264,0.141058,0.137352,0.153364,0.138439,0.144794,0.151728
0.133219,0.141049,0.137327,0.153412,0.138418,0.144805,0.151770
0.133194,0.141044,0.137311,0.153440,0.138405,0.144812,0.151795
0.133153,0.141041,0.137298,0.153472,0.138389,0.144822,0.151826
0.133080,0.141028,0.137252,0.153554,0.138352,0.144837,0.151897
0.133115,0.141032,0.137269,0.153520,0.138369,0.144830,0.151866
0.133141,0.141037,0.137284,0.153493,0.138379,0.144822,0.151845
0.133189,0.141046,0.137310,0.153442,0.138403,0.144813,0.151797
0.133191,0.141044,0.137311,0.153441,0.138404,0.144813,0.151796
0.133167,0.141040,0.137297,0.153466,0.138393,0.144818,0.151819
0.133141,0.141036,0.137283,0.153493,0.138380,0.144824,0.151842
0.133126,0.141035,0.137278,0.153505,0.138374,0.144827,0.151854
0.133132,0.141037,0.137281,0.153499,0.138377,0.144826,0.151849
0.133143,0.141040,0.137291,0.153484,0.138383,0.144823,0.151836
0.133173,0.141046,0.137309,0.153450,0.138399,0.144818,0.151805
0.133152,0.141042,0.137299,0.153471,0.138389,0.144823,0.151825
0.133137,0.141040,0.137291,0.153484,0.138382,0.144828,0.151838
0.133138,0.141042,0.137293,0.153483,0.138381,0.144826,0.151838
0.133131,0.141040,0.137289,0.153490,0.138379,0.144829,0.151842
0.133119,0.141037,0.137281,0.153504,0.138372,0.144832,0.151855
0.133104,0.141034,0.137272,0.153522,0.138365,0.144835,0.151869
0.133086,0.141030,0.137260,0.153541,0.138356,0.144838,0.151888
0.133118,0.141037,0.137278,0.153508,0.138371,0.144830,0.151858
0.133169,0.141046,0.137308,0.153453,0.138397,0.144819,0.151809
0.133140,0.141043,0.137294,0.153479,0.138384,0.144824,0.151835
0.133134,0.141044,0.137295,0.153482,0.138382,0.144826,0.151837
0.133151,0.141047,0.137305,0.153462,0.138391,0.144822,0.151822
0.133209,0.141057,0.137336,0.153403,0.138417,0.144809,0.151769
0.133242,0.141061,0.137351,0.153373,0.138432,0.144801,0.151740
0.133224,0.141058,0.137343,0.153389,0.138424,0.144806,0.151755
0.133177,0.141049,0.137314,0.153442,0.138401,0.144816,0.151802
0.133158,0.141044,0.137301,0.153463,0.138391,0.144822,0.151820
0.133133,0.141040,0.137288,0.153488,0.138380,0.144827,0.151843
0.133097,0.141034,0.137267,0.153527,0.138362,0.144835,0.151877
0.133073,0.141028,0.137250,0.153557,0.138350,0.144841,0.151901
0.133059,0.141025,0.137241,0.153572,0.138343,0.144845,0.151914
0.133011,0.141017,0.137213,0.153625,0.138319,0.144854,0.151960
0.133025,0.141019,0.137221,0.153610,0.138327,0.144851,0.151948
0.133046,0.141023,0.137236,0.153586,0.138337,0.144845,0.151926
0.133021,0.141018,0.137221,0.153612,0.138325,0.144853,0.151950
0.133034,0.141019,0.137224,0.153604,0.138329,0.144850,0.151940
0.133080,0.141027,0.137250,0.153555,0.138351,0.144840,0.151899
0.133100,0.141031,0.137263,0.153530,0.138363,0.144835,0.151878
0.133098,0.141033,0.137261,0.153533,0.138362,0.144832,0.151881
0.133134,0.141038,0.137279,0.153498,0.138380,0.144824,0.151848
0.133145,0.141041,0.137283,0.153488,0.138385,0.144820,0.151838
0.133192,0.141049,0.137311,0.153437,0.138406,0.144810,0.151794
0.133175,0.141046,0.137304,0.153453,0.138399,0.144816,0.151807
0.133208,0.141051,0.137323,0.153417,0.138416,0.144808,0.151777
0.133212,0.141052,0.137326,0.153412,0.138418,0.144808,0.151772
0.133258,0.141060,0.137353,0.153363,0.138440,0.144798,0.151728
0.133218,0.141053,0.137330,0.153405,0.138421,0.144808,0.151765
0.133165,0.141044,0.137302,0.153460,0.138396,0.144819,0.151814
0.133154,0.141042,0.137295,0.153472,0.138390,0.144822,0.151824
0.133081,0.141028,0.137254,0.153550,0.138355,0.144840,0.151893
0.133057,0.141024,0.137237,0.153579,0.138342,0.144845,0.151916
0.133021,0.141016,0.137215,0.153618,0.138325,0.144853,0.151951
0.133001,0.141012,0.137201,0.153645,0.138312,0.144855,0.151974
0.133016,0.141015,0.137210,0.153627,0.138322,0.144852,0.151957
0.132969,0.141007,0.137186,0.153674,0.138300,0.144864,0.152000
0.132951,0.141004,0.137176,0.153693,0.138291,0.144868,0.152017
0.132948,0.141003,0.137172,0.153699,0.138289,0.144869,0.152021
0.133028,0.141016,0.137220,0.153612,0.138327,0.144851,0.151946
0.133024,0.141016,0.137217,0.153617,0.138326,0.144852,0.151947
0.132984,0.141010,0.137195,0.153659,0.138307,0.144861,0.151984
0.132995,0.141011,0.137200,0.153649,0.138312,0.144858,0.151975
0.132980,0.141009,0.137193,0.153663,0.138304,0.144862,0.151988
0.133030,0.141017,0.137223,0.153608,0.138329,0.144851,0.151942
0.133018,0.141015,0.137216,0.153621,0.138323,0.144854,0.151952
0.132952,0.141003,0.137179,0.153691,0.138292,0.144869,0.152014
0.132943,0.141002,0.137175,0.153700,0.138287,0.144871,0.152022
0.132936,0.141002,0.137170,0.153707,0.138284,0.144872,0.152029
0.132896,0.140994,0.137148,0.153750,0.138265,0.144880,0.152067
0.132883,0.140993,0.137142,0.153762,0.138259,0.144884,0.152077
0.132913,0.140999,0.137161,0.153728,0.138274,0.144877,0.152048
0.132925,0.141001,0.137169,0.153713,0.138280,0.144876,0.152036
0.132893,0.140994,0.137148,0.153750,0.138264,0.144883,0.152067
0.132901,0.140997,0.137153,0.153742,0.138267,0.144880,0.152060
0.132895,0.140996,0.137152,0.153745,0.138265,0.144884,0.152063
0.132915,0.141000,0.137165,0.153722,0.138275,0.144879,0.152044
0.132950,0.141006,0.137185,0.153685,0.138292,0.144871,0.152011
0.133003,0.141017,0.137217,0.153626,0.138319,0.144860,0.151959
0.132980,0.141011,0.137202,0.153651,0.138308,0.144865,0.151984
0.132941,0.141003,0.137179,0.153693,0.138288,0.144871,0.152025
0.132904,0.140998,0.137156,0.153736,0.138270,0.144881,0.152055
0.132900,0.140998,0.137154,0.153740,0.138268,0.144882,0.152058
0.132881,0.140994,0.137142,0.153761,0.138259,0.144887,0.152076
0.132871,0.140992,0.137135,0.153772,0.138253,0.144889,0.152087
0.132857,0.140989,0.137127,0.153787,0.138247,0.144892,0.152099
0.132852,0.140987,0.137123,0.153794,0.138244,0.144894,0.152106
0.132866,0.140990,0.137130,0.153781,0.138250,0.144890,0.152093
0.132813,0.140980,0.137101,0.153835,0.138225,0.144903,0.152142
0.132810,0.140981,0.137104,0.153834,0.138225,0.144903,0.152142
0.132798,0.140982,0.137102,0.153842,0.138220,0.144906,0.152150
0.132798,0.140983,0.137108,0.153836,0.138221,0.144907,0.152147
0.132787,0.140981,0.137101,0.153847,0.138216,0.144911,0.152158
0.132759,0.140975,0.137082,0.153880,0.138201,0.144918,0.152186
0.132784,0.140979,0.137096,0.153854,0.138213,0.144911,0.152163
0.132754,0.140972,0.137078,0.153887,0.138198,0.144918,0.152193
0.132717,0.140966,0.137056,0.153927,0.138181,0.144926,0.152227
0.132758,0.140975,0.137080,0.153884,0.138200,0.144915,0.152188
0.132757,0.140974,0.137079,0.153884,0.138200,0.144917,0.152188
0.132774,0.140977,0.137088,0.153867,0.138208,0.144913,0.152173
0.132793,0.140980,0.137100,0.153846,0.138217,0.144908,0.152157
0.132888,0.140998,0.137155,0.153745,0.138262,0.144884,0.152069
0.132880,0.140996,0.137149,0.153754,0.138259,0.144887,0.152075
0.132894,0.140998,0.137156,0.153741,0.138265,0.144884,0.152063
0.132854,0.140992,0.137141,0.153775,0.138248,0.144894,0.152095
0.132861,0.140996,0.137149,0.153763,0.138252,0.144893,0.152086
0.132884,0.140998,0.137161,0.153741,0.138261,0.144887,0.152068
0.132893,0.141000,0.137166,0.153731,0.138267,0.144888,0.152056
0.132870,0.140996,0.137153,0.153755,0.138256,0.144892,0.152077
0.132869,0.140994,0.137151,0.153758,0.138255,0.144893,0.152080
0.132939,0.141006,0.137191,0.153684,0.138288,0.144877,0.152015
0.132955,0.141008,0.137198,0.153668,0.138296,0.144872,0.152003
0.132944,0.141007,0.137190,0.153682,0.138290,0.144875,0.152012
0.132913,0.141002,0.137175,0.153712,0.138276,0.144882,0.152040
0.132912,0.141002,0.137173,0.153714,0.138275,0.144883,0.152041
0.132884,0.140996,0.137158,0.153743,0.138262,0.144889,0.152068
0.132869,0.140993,0.137147,0.153760,0.138254,0.144892,0.152084
0.132806,0.140983,0.137111,0.153828,0.138224,0.144908,0.152140
0.132783,0.140979,0.137099,0.153853,0.138213,0.144913,0.152161
0.132779,0.140979,0.137100,0.153852,0.138213,0.144915,0.152163
0.132764,0.140977,0.137093,0.153866,0.138205,0.144918,0.152176
0.132750,0.140974,0.137085,0.153882,0.138198,0.144922,0.152189
0.132782,0.140980,0.137103,0.153849,0.138212,0.144913,0.152161
0.132772,0.140978,0.137097,0.153860,0.138208,0.144916,0.152169
0.132794,0.140981,0.137109,0.153836,0.138219,0.144911,0.152150
0.132776,0.140979,0.137098,0.153855,0.138210,0.144916,0.152165
0.132749,0.140974,0.137084,0.153883,0.138198,0.144922,0.152190
0.132743,0.140974,0.137082,0.153888,0.138194,0.144924,0.152196
0.132764,0.140978,0.137095,0.153865,0.138204,0.144920,0.152175
0.132754,0.140976,0.137091,0.153873,0.138201,0.144922,0.152182
0.132713,0.140969,0.137071,0.153913,0.138181,0.144933,0.152219
0.132693,0.140966,0.137058,0.153936,0.138170,0.144939,0.152238
0.132675,0.140962,0.137048,0.153955,0.138161,0.144943,0.152256
0.132648,0.140959,0.137036,0.153979,0.138150,0.144949,0.152278
0.132635,0.140957,0.137029,0.153993,0.138143,0.144954,0.152290
0.132620,0.140954,0.137019,0.154010,0.138136,0.144957,0.152304
0.132617,0.140951,0.137015,0.154016,0.138133,0.144957,0.152309
0.132567,0.140939,0.136982,0.154074,0.138108,0.144968,0.152362
0.132535,0.140935,0.136962,0.154111,0.138092,0.144974,0.152391
0.132525,0.140934,0.136960,0.154118,0.138088,0.144976,0.152398
0.132527,0.140935,0.136963,0.154113,0.138090,0.144976,0.152396
0.132522,0.140935,0.136961,0.154117,0.138088,0.144978,0.152400
0.132481,0.140927,0.136936,0.154163,0.138067,0.144987,0.152439
0.132489,0.140929,0.136941,0.154154,0.138071,0.144985,0.152430
0.132480,0.140928,0.136937,0.154163,0.138067,0.144987,0.152438
0.132494,0.140931,0.136945,0.154147,0.138074,0.144984,0.152425
0.132479,0.140929,0.136939,0.154161,0.138067,0.144989,0.152437
0.132477,0.140927,0.136936,0.154164,0.138065,0.144990,0.152440
0.132492,0.140930,0.136944,0.154150,0.138072,0.144986,0.152426
0.132485,0.140928,0.136941,0.154155,0.138069,0.144988,0.152433
0.132485,0.140927,0.136939,0.154157,0.138069,0.144988,0.152434
0.132490,0.140929,0.136942,0.154152,0.138071,0.144988,0.152428
0.132493,0.140929,0.136942,0.154150,0.138072,0.144986,0.152428
0.132503,0.140931,0.136949,0.154139,0.138078,0.144984,0.152417
0.132488,0.140929,0.136941,0.154153,0.138071,0.144988,0.152430
0.132483,0.140929,0.136938,0.154158,0.138068,0.144988,0.152435
0.132487,0.140928,0.136938,0.154157,0.138070,0.144987,0.152433
0.132430,0.140918,0.136904,0.154219,0.138042,0.144999,0.152488
0.132390,0.140911,0.136881,0.154261,0.138023,0.145008,0.152526
0.132414,0.140914,0.136892,0.154239,0.138034,0.145003,0.152505
0.132420,0.140916,0.136896,0.154231,0.138037,0.145001,0.152499
0.132391,0.140911,0.136879,0.154263,0.138023,0.145008,0.152526
0.132390,0.140912,0.136884,0.154259,0.138023,0.145008,0.152524
0.132374,0.140909,0.136878,0.154271,0.138016,0.145013,0.152538
0.132359,0.140907,0.136868,0.154288,0.138008,0.145019,0.152551
0.132366,0.140908,0.136870,0.154283,0.138011,0.145017,0.152545
0.132417,0.140917,0.136900,0.154228,0.138035,0.145003,0.152499
0.132455,0.140924,0.136921,0.154188,0.138055,0.144994,0.152463
0.132425,0.140919,0.136905,0.154219,0.138041,0.145003,0.152489
0.132461,0.140926,0.136926,0.154181,0.138057,0.144992,0.152458
0.132449,0.140924,0.136921,0.154191,0.138053,0.144995,0.152467
0.132496,0.140932,0.136947,0.154142,0.138074,0.144985,0.152424
0.132545,0.140939,0.136973,0.154092,0.138098,0.144973,0.152380
0.132705,0.140963,0.137067,0.153920,0.138175,0.144928,0.152241
0.132717,0.140968,0.137072,0.153907,0.138182,0.144931,0.152222
0.132570,0.140945,0.136990,0.154061,0.138113,0.144968,0.152354
0.132570,0.140947,0.136991,0.154061,0.138111,0.144965,0.152354
0.132516,0.140937,0.136961,0.154116,0.138086,0.144980,0.152404
0.132532,0.140940,0.136969,0.154102,0.138092,0.144975,0.152391
0.132643,0.140960,0.137032,0.153984,0.138147,0.144947,0.152288
0.132658,0.140961,0.137040,0.153969,0.138155,0.144943,0.152275
0.132666,0.140961,0.137039,0.153968,0.138155,0.144938,0.152273
0.132717,0.140969,0.137066,0.153914,0.138181,0.144928,0.152225
0.132818,0.140987,0.137123,0.153808,0.138230,0.144905,0.152130
0.132848,0.140994,0.137145,0.153770,0.138245,0.144897,0.152101
0.132833,0.140991,0.137133,0.153789,0.138237,0.144903,0.152114
0.132902,0.141003,0.137174,0.153713,0.138272,0.144886,0.152050
0.132848,0.140995,0.137144,0.153771,0.138244,0.144900,0.152100
0.132785,0.140983,0.137107,0.153837,0.138215,0.144914,0.152159
0.132797,0.140985,0.137112,0.153827,0.138219,0.144911,0.152148
0.132806,0.140985,0.137115,0.153820,0.138222,0.144909,0.152142
0.132783,0.140980,0.137101,0.153845,0.138212,0.144914,0.152164
0.132747,0.140974,0.137080,0.153884,0.138195,0.144922,0.152197
0.132850,0.140992,0.137137,0.153777,0.138243,0.144898,0.152104
0.132911,0.141003,0.137172,0.153712,0.138272,0.144884,0.152046
0.132953,0.141010,0.137200,0.153663,0.138294,0.144877,0.152003
0.132921,0.141006,0.137183,0.153696,0.138277,0.144884,0.152033
0.132866,0.140995,0.137153,0.153753,0.138252,0.144899,0.152081
0.132851,0.140994,0.137148,0.153764,0.138247,0.144902,0.152093
0.132808,0.140987,0.137122,0.153812,0.138224,0.144912,0.152135
0.132751,0.140977,0.137092,0.153870,0.138199,0.144924,0.152187
0.132742,0.140976,0.137085,0.153881,0.138193,0.144927,0.152196
0.132735,0.140974,0.137081,0.153889,0.138189,0.144929,0.152203
0.132724,0.140972,0.137075,0.153900,0.138184,0.144932,0.152213
0.132727,0.140973,0.137080,0.153894,0.138185,0.144933,0.152209
0.132767,0.140980,0.137101,0.153852,0.138205,0.144924,0.152171
0.132798,0.140986,0.137121,0.153818,0.138220,0.144916,0.152141
0.132833,0.140994,0.137144,0.153777,0.138238,0.144909,0.152106
0.132880,0.141004,0.137175,0.153722,0.138262,0.144899,0.152059
0.132870,0.141001,0.137168,0.153732,0.138256,0.144901,0.152071
0.132979,0.141018,0.137226,0.153622,0.138308,0.144875,0.151972
0.133021,0.141028,0.137249,0.153578,0.138328,0.144864,0.151932
0.133067,0.141036,0.137276,0.153528,0.138350,0.144854,0.151890
0.133075,0.141037,0.137280,0.153520,0.138355,0.144853,0.151880
0.133034,0.141028,0.137254,0.153567,0.138334,0.144861,0.151922
0.132989,0.141020,0.137230,0.153612,0.138314,0.144871,0.151964
0.132935,0.141012,0.137200,0.153669,0.138287,0.144884,0.152012
0.132916,0.141008,0.137189,0.153690,0.138278,0.144890,0.152029
0.132876,0.140999,0.137163,0.153736,0.138258,0.144898,0.152069
0.132798,0.140986,0.137115,0.153824,0.138217,0.144910,0.152149
0.132781,0.140983,0.137105,0.153843,0.138210,0.144915,0.152163
0.132808,0.140986,0.137121,0.153811,0.138225,0.144911,0.152137
0.132862,0.140996,0.137148,0.153759,0.138250,0.144897,0.152088
0.132852,0.140995,0.137143,0.153768,0.138247,0.144899,0.152097
0.132824,0.140988,0.137127,0.153798,0.138232,0.144906,0.152125
0.132820,0.140988,0.137124,0.153804,0.138230,0.144907,0.152127
0.132757,0.140978,0.137093,0.153866,0.138201,0.144921,0.152184
0.132733,0.140974,0.137081,0.153889,0.138190,0.144929,0.152204
0.132717,0.140972,0.137074,0.153905,0.138183,0.144933,0.152217
0.132718,0.140973,0.137075,0.153902,0.138183,0.144933,0.152215
0.132745,0.140977,0.137088,0.153877,0.138195,0.144926,0.152192
0.132778,0.140983,0.137108,0.153841,0.138211,0.144917,0.152163
0.132812,0.140991,0.137131,0.153801,0.138228,0.144910,0.152126
0.132759,0.140981,0.137101,0.153856,0.138204,0.144922,0.152177
0.132768,0.140984,0.137107,0.153846,0.138208,0.144921,0.152166
0.132777,0.140985,0.137113,0.153834,0.138213,0.144920,0.152158
0.132792,0.140987,0.137120,0.153821,0.138219,0.144916,0.152145
0.132800,0.140988,0.137124,0.153814,0.138223,0.144914,0.152138
0.132772,0.140982,0.137108,0.153843,0.138209,0.144922,0.152163
0.132832,0.140993,0.137145,0.153778,0.138237,0.144909,0.152106
0.132920,0.141008,0.137193,0.153686,0.138281,0.144888,0.152025
0.132955,0.141015,0.137213,0.153647,0.138297,0.144879,0.151994
0.132967,0.141018,0.137221,0.153634,0.138303,0.144877,0.151980
0.132968,0.141017,0.137220,0.153634,0.138304,0.144876,0.151981
0.132910,0.141007,0.137187,0.153698,0.138275,0.144889,0.152035
0.132916,0.141008,0.137191,0.153690,0.138279,0.144888,0.152029
0.132997,0.141023,0.137238,0.153602,0.138318,0.144870,0.151952
0.133017,0.141027,0.137249,0.153581,0.138328,0.144865,0.151933
0.133016,0.141025,0.137247,0.153585,0.138326,0.144865,0.151937
0.133067,0.141032,0.137272,0.153536,0.138350,0.144853,0.151892
0.133078,0.141032,0.137276,0.153527,0.138354,0.144850,0.151884
0.133081,0.141035,0.137281,0.153520,0.138356,0.144849,0.151878
0.133085,0.141036,0.137287,0.153512,0.138359,0.144848,0.151874
0.133100,0.141040,0.137295,0.153496,0.138365,0.144846,0.151858
0.133154,0.141049,0.137325,0.153438,0.138392,0.144834,0.151807
0.133093,0.141037,0.137290,0.153503,0.138363,0.144848,0.151865
0.133057,0.141031,0.137270,0.153542,0.138345,0.144857,0.151898
0.133006,0.141023,0.137243,0.153594,0.138321,0.144869,0.151945
0.133034,0.141026,0.137256,0.153567,0.138333,0.144863,0.151920
0.133066,0.141034,0.137278,0.153529,0.138349,0.144855,0.151888
0.133062,0.141032,0.137274,0.153536,0.138347,0.144855,0.151893
0.133071,0.141034,0.137278,0.153527,0.138351,0.144853,0.151885
0.133016,0.141024,0.137245,0.153586,0.138325,0.144865,0.151939
0.133003,0.141019,0.137234,0.153604,0.138318,0.144867,0.151954
0.132997,0.141018,0.137228,0.153614,0.138315,0.144869,0.151959
0.132976,0.141014,0.137215,0.153637,0.138304,0.144874,0.151981
0.132970,0.141014,0.137212,0.153644,0.138301,0.144874,0.151985
0.132952,0.141009,0.137202,0.153663,0.138292,0.144880,0.152002
0.132920,0.141004,0.137184,0.153696,0.138276,0.144888,0.152032
0.132920,0.141003,0.137183,0.153697,0.138275,0.144889,0.152033
0.132937,0.141005,0.137191,0.153681,0.138282,0.144884,0.152019
0.132882,0.140995,0.137161,0.153739,0.138257,0.144898,0.152068
0.132894,0.140998,0.137167,0.153726,0.138262,0.144896,0.152057
0.132892,0.140997,0.137167,0.153726,0.138262,0.144896,0.152059
0.132879,0.140997,0.137164,0.153737,0.138256,0.144899,0.152068
0.132862,0.140994,0.137156,0.153752,0.138248,0.144904,0.152083
0.132847,0.140993,0.137149,0.153767,0.138239,0.144904,0.152101
0.132898,0.141001,0.137179,0.153712,0.138266,0.144896,0.152048
0.132850,0.140993,0.137152,0.153763,0.138243,0.144908,0.152091
0.132827,0.140988,0.137139,0.153787,0.138231,0.144914,0.152114
0.132821,0.140987,0.137134,0.153795,0.138229,0.144915,0.152120
0.132813,0.140986,0.137130,0.153802,0.138225,0.144917,0.152127
0.132781,0.140981,0.137112,0.153836,0.138209,0.144924,0.152155
0.132788,0.140982,0.137118,0.153827,0.138214,0.144923,0.152149
0.132774,0.140982,0.137113,0.153838,0.138206,0.144925,0.152161
0.132798,0.140986,0.137128,0.153810,0.138219,0.144923,0.152135
0.132801,0.140986,0.137128,0.153809,0.138220,0.144922,0.152134
0.132806,0.140987,0.137131,0.153803,0.138222,0.144921,0.152130
0.132831,0.140990,0.137143,0.153780,0.138233,0.144915,0.152109
0.132774,0.140981,0.137113,0.153837,0.138207,0.144928,0.152160
0.132747,0.140975,0.137096,0.153868,0.138193,0.144935,0.152186
0.132739,0.140975,0.137091,0.153877,0.138190,0.144936,0.152192
0.132723,0.140972,0.137083,0.153893,0.138182,0.144941,0.152206
0.132721,0.140970,0.137080,0.153897,0.138181,0.144941,0.152211
0.132726,0.140971,0.137081,0.153893,0.138184,0.144939,0.152207
0.132709,0.140968,0.137072,0.153910,0.138175,0.144941,0.152225
0.132712,0.140970,0.137073,0.153908,0.138177,0.144939,0.152221
0.132686,0.140964,0.137057,0.153938,0.138165,0.144945,0.152246
0.132687,0.140964,0.137055,0.153940,0.138164,0.144944,0.152246
0.132696,0.140964,0.137059,0.153930,0.138169,0.144943,0.152238
0.132630,0.140952,0.137021,0.154000,0.138137,0.144959,0.152301
0.132605,0.140947,0.137006,0.154028,0.138124,0.144965,0.152324
0.132612,0.140949,0.137008,0.154022,0.138128,0.144962,0.152319
0.132627,0.140951,0.137016,0.154007,0.138134,0.144959,0.152305
0.132675,0.140959,0.137040,0.153959,0.138157,0.144947,0.152262
0.132699,0.140961,0.137052,0.153935,0.138168,0.144942,0.152244
0.132688,0.140958,0.137040,0.153954,0.138161,0.144942,0.152257
0.132706,0.140962,0.137050,0.153936,0.138170,0.144937,0.152240
0.132737,0.140965,0.137066,0.153905,0.138185,0.144930,0.152212
0.132751,0.140969,0.137075,0.153888,0.138192,0.144928,0.152197
0.132726,0.140965,0.137064,0.153912,0.138180,0.144934,0.152219
0.132724,0.140964,0.137062,0.153914,0.138179,0.144935,0.152222
0.132726,0.140964,0.137062,0.153913,0.138180,0.144934,0.152221
0.132747,0.140969,0.137075,0.153889,0.138190,0.144929,0.152200
0.132701,0.140961,0.137051,0.153937,0.138168,0.144940,0.152242
0.132712,0.140963,0.137057,0.153925,0.138173,0.144938,0.152232
0.132725,0.140965,0.137063,0.153912,0.138179,0.144934,0.152221
0.132733,0.140966,0.137066,0.153905,0.138183,0.144933,0.152213
0.132673,0.140956,0.137033,0.153969,0.138154,0.144946,0.152269
0.132643,0.140951,0.137017,0.153998,0.138141,0.144953,0.152296
0.132637,0.140951,0.137014,0.154004,0.138138,0.144955,0.152300
0.132634,0.140950,0.137012,0.154008,0.138136,0.144956,0.152304
0.132627,0.140948,0.137008,0.154016,0.138132,0.144957,0.152312
0.132633,0.140949,0.137009,0.154011,0.138135,0.144955,0.152307
0.132635,0.140949,0.137009,0.154011,0.138136,0.144955,0.152306
0.132638,0.140950,0.137010,0.154007,0.138138,0.144954,0.152302
0.132660,0.140954,0.137023,0.153984,0.138147,0.144949,0.152284
0.132665,0.140955,0.137027,0.153977,0.138151,0.144949,0.152277
0.132680,0.140959,0.137036,0.153961,0.138158,0.144944,0.152263
0.132701,0.140961,0.137048,0.153939,0.138167,0.144937,0.152246
0.132695,0.140962,0.137044,0.153946,0.138167,0.144936,0.152249
0.132727,0.140967,0.137061,0.153914,0.138182,0.144929,0.152221
0.132736,0.140971,0.137067,0.153903,0.138186,0.144927,0.152211
0.132751,0.140974,0.137079,0.153882,0.138195,0.144924,0.152194
0.132753,0.140975,0.137081,0.153879,0.138196,0.144924,0.152192
0.132753,0.140974,0.137081,0.153879,0.138196,0.144925,0.152192
0.132740,0.140972,0.137072,0.153895,0.138189,0.144928,0.152205
0.132726,0.140969,0.137064,0.153909,0.138182,0.144931,0.152218
0.132722,0.140968,0.137062,0.153914,0.138180,0.144932,0.152221
0.132724,0.140969,0.137063,0.153912,0.138181,0.144932,0.152220
0.132705,0.140966,0.137054,0.153931,0.138172,0.144936,0.152237
0.132677,0.140960,0.137039,0.153959,0.138159,0.144943,0.152262
0.132682,0.140961,0.137042,0.153955,0.138160,0.144942,0.152258
0.132692,0.140965,0.137053,0.153936,0.138168,0.144941,0.152244
0.132694,0.140966,0.137057,0.153931,0.138169,0.144941,0.152242
0.132697,0.140967,0.137057,0.153931,0.138169,0.144941,0.152239
0.132668,0.140960,0.137039,0.153962,0.138155,0.144947,0.152268
0.132625,0.140952,0.137013,0.154010,0.138134,0.144958,0.152308
0.132626,0.140952,0.137013,0.154010,0.138134,0.144958,0.152308
0.132637,0.140955,0.137020,0.153997,0.138139,0.144954,0.152298
0.132619,0.140953,0.137014,0.154013,0.138132,0.144958,0.152311
0.132624,0.140954,0.137018,0.154006,0.138134,0.144957,0.152306
0.132634,0.140953,0.137021,0.153998,0.138138,0.144955,0.152300
0.132623,0.140953,0.137016,0.154010,0.138133,0.144957,0.152308
0.132596,0.140948,0.137001,0.154037,0.138121,0.144964,0.152333
0.132560,0.140939,0.136977,0.154079,0.138101,0.144973,0.152371
0.132543,0.140934,0.136960,0.154106,0.138092,0.144975,0.152390
0.132534,0.140933,0.136956,0.154114,0.138088,0.144977,0.152398
0.132573,0.140939,0.136978,0.154073,0.138106,0.144968,0.152363
0.132609,0.140947,0.137001,0.154032,0.138124,0.144960,0.152328
0.132586,0.140943,0.136988,0.154056,0.138113,0.144966,0.152348
0.132578,0.140943,0.136985,0.154063,0.138110,0.144968,0.152353
0.132580,0.140943,0.136987,0.154058,0.138111,0.144969,0.152352
0.132565,0.140940,0.136979,0.154074,0.138104,0.144972,0.152365
0.132543,0.140936,0.136966,0.154099,0.138093,0.144978,0.152386
0.132539,0.140936,0.136965,0.154101,0.138091,0.144980,0.152389
0.132541,0.140936,0.136966,0.154099,0.138091,0.144980,0.152387
0.132547,0.140936,0.136971,0.154091,0.138095,0.144978,0.152382
0.132545,0.140937,0.136969,0.154093,0.138094,0.144979,0.152383
0.132563,0.140940,0.136980,0.154073,0.138102,0.144976,0.152365
0.132585,0.140944,0.136993,0.154049,0.138114,0.144971,0.152344
0.132563,0.140940,0.136980,0.154073,0.138103,0.144976,0.152366
0.132547,0.140938,0.136971,0.154089,0.138095,0.144979,0.152381
0.132519,0.140932,0.136955,0.154120,0.138082,0.144986,0.152406
0.132589,0.140946,0.136997,0.154043,0.138117,0.144967,0.152341
0.132648,0.140958,0.137031,0.153980,0.138144,0.144953,0.152286
0.132661,0.140960,0.137041,0.153962,0.138153,0.144952,0.152271
0.132611,0.140953,0.137016,0.154011,0.138130,0.144964,0.152316
0.132630,0.140957,0.137025,0.153993,0.138138,0.144959,0.152299
0.132651,0.140958,0.137034,0.153974,0.138147,0.144954,0.152282
0.132665,0.140961,0.137040,0.153961,0.138154,0.144951,0.152269
0.132624,0.140954,0.137019,0.154002,0.138134,0.144962,0.152305
0.132630,0.140955,0.137023,0.153996,0.138136,0.144959,0.152301
0.132661,0.140961,0.137041,0.153961,0.138151,0.144952,0.152272
0.132661,0.140961,0.137043,0.153959,0.138152,0.144954,0.152268
0.132654,0.140960,0.137039,0.153967,0.138149,0.144955,0.152276
0.132685,0.140964,0.137056,0.153937,0.138163,0.144948,0.152248
0.132694,0.140967,0.137062,0.153925,0.138168,0.144946,0.152239
0.132707,0.140969,0.137068,0.153912,0.138174,0.144943,0.152227
0.132780,0.140982,0.137111,0.153833,0.138210,0.144925,0.152158
0.132823,0.140990,0.137136,0.153788,0.138230,0.144914,0.152120
0.132823,0.140990,0.137136,0.153788,0.138231,0.144916,0.152118
0.132807,0.140988,0.137128,0.153803,0.138223,0.144919,0.152131
0.132763,0.140981,0.137106,0.153847,0.138203,0.144929,0.152172
0.132758,0.140981,0.137103,0.153852,0.138201,0.144931,0.152175
0.132748,0.140979,0.137100,0.153859,0.138197,0.144933,0.152183
0.132710,0.140972,0.137076,0.153902,0.138177,0.144943,0.152219
0.132705,0.140971,0.137074,0.153908,0.138174,0.144944,0.152224
0.132701,0.140971,0.137072,0.153911,0.138172,0.144945,0.152227
0.132722,0.140975,0.137086,0.153886,0.138184,0.144941,0.152207
0.132697,0.140969,0.137071,0.153913,0.138171,0.144947,0.152230
0.132716,0.140974,0.137084,0.153892,0.138180,0.144943,0.152212
0.132732,0.140978,0.137094,0.153873,0.138187,0.144938,0.152197
0.132753,0.140981,0.137107,0.153850,0.138198,0.144934,0.152175
0.132734,0.140976,0.137094,0.153874,0.138189,0.144939,0.152195
0.132719,0.140974,0.137084,0.153890,0.138182,0.144942,0.152209
0.132701,0.140971,0.137075,0.153908,0.138174,0.144946,0.152225
0.132705,0.140971,0.137077,0.153905,0.138175,0.144945,0.152222
0.132699,0.140971,0.137074,0.153910,0.138173,0.144947,0.152226
0.132717,0.140973,0.137083,0.153893,0.138180,0.144943,0.152212
0.132716,0.140971,0.137080,0.153897,0.138179,0.144943,0.152213
0.132753,0.140978,0.137102,0.153857,0.138197,0.144934,0.152178
0.132736,0.140975,0.137093,0.153874,0.138190,0.144938,0.152193
0.132750,0.140978,0.137102,0.153858,0.138197,0.144935,0.152180
0.132726,0.140974,0.137088,0.153884,0.138184,0.144941,0.152203
0.132587,0.140947,0.137005,0.154035,0.138117,0.144972,0.152337
0.132573,0.140945,0.136997,0.154050,0.138110,0.144977,0.152349
0.132555,0.140941,0.136985,0.154070,0.138101,0.144980,0.152369
0.132505,0.140931,0.136955,0.154124,0.138076,0.144991,0.152417
0.132469,0.140925,0.136934,0.154165,0.138059,0.144999,0.152450
0.132438,0.140921,0.136919,0.154196,0.138045,0.145005,0.152477
0.132400,0.140914,0.136899,0.154233,0.138026,0.145016,0.152512
0.132396,0.140914,0.136896,0.154239,0.138023,0.145017,0.152515
0.132379,0.140909,0.136885,0.154258,0.138015,0.145021,0.152534
0.132368,0.140905,0.136877,0.154271,0.138010,0.145024,0.152546
0.132362,0.140904,0.136872,0.154280,0.138006,0.145024,0.152552
0.132368,0.140907,0.136877,0.154271,0.138009,0.145023,0.152544
0.132396,0.140913,0.136896,0.154239,0.138023,0.145017,0.152516
0.132376,0.140909,0.136884,0.154260,0.138014,0.145023,0.152534
0.132361,0.140905,0.136873,0.154279,0.138006,0.145026,0.152550
0.132349,0.140902,0.136866,0.154292,0.138000,0.145028,0.152563
0.132348,0.140902,0.136865,0.154294,0.137999,0.145028,0.152563
0.132352,0.140901,0.136865,0.154293,0.137999,0.145028,0.152563
0.132384,0.140905,0.136882,0.154259,0.138016,0.145020,0.152532
0.132364,0.140903,0.136870,0.154281,0.138006,0.145025,0.152551
0.132369,0.140905,0.136875,0.154273,0.138008,0.145023,0.152546
0.132389,0.140909,0.136887,0.154252,0.138018,0.145019,0.152526
0.132440,0.140918,0.136915,0.154199,0.138043,0.145007,0.152478
0.132461,0.140922,0.136928,0.154176,0.138053,0.145002,0.152459
0.132468,0.140924,0.136934,0.154166,0.138058,0.145000,0.152451
0.132466,0.140924,0.136934,0.154167,0.138057,0.145001,0.152451
0.132469,0.140925,0.136937,0.154163,0.138058,0.145001,0.152448
0.132436,0.140919,0.136918,0.154197,0.138042,0.145010,0.152478
0.132487,0.140927,0.136945,0.154145,0.138066,0.144997,0.152433
0.132514,0.140933,0.136963,0.154113,0.138080,0.144992,0.152405
0.132550,0.140940,0.136982,0.154076,0.138097,0.144983,0.152372
0.132548,0.140938,0.136980,0.154079,0.138096,0.144984,0.152375
0.132522,0.140933,0.136964,0.154109,0.138083,0.144988,0.152401
0.132560,0.140941,0.136987,0.154067,0.138102,0.144979,0.152365
0.132562,0.140941,0.136988,0.154066,0.138103,0.144978,0.152362
0.132615,0.140951,0.137018,0.154008,0.138129,0.144965,0.152313
0.132625,0.140954,0.137025,0.153997,0.138135,0.144963,0.152302
0.132581,0.140946,0.137001,0.154042,0.138114,0.144973,0.152343
0.132613,0.140953,0.137022,0.154005,0.138130,0.144966,0.152312
0.132614,0.140953,0.137021,0.154005,0.138130,0.144965,0.152312
0.132616,0.140953,0.137023,0.154003,0.138131,0.144964,0.152309
0.132618,0.140954,0.137025,0.154001,0.138133,0.144964,0.152306
0.132598,0.140949,0.137012,0.154022,0.138123,0.144969,0.152327
0.132617,0.140952,0.137019,0.154006,0.138131,0.144964,0.152310
0.132632,0.140952,0.137025,0.153993,0.138138,0.144960,0.152300
0.132650,0.140957,0.137035,0.153974,0.138145,0.144955,0.152282
0.132654,0.140959,0.137040,0.153966,0.138150,0.144955,0.152276
0.132633,0.140956,0.137028,0.153988,0.138140,0.144960,0.152295
0.132602,0.140949,0.137012,0.154021,0.138123,0.144970,0.152323
0.132540,0.140937,0.136977,0.154085,0.138094,0.144984,0.152383
0.132488,0.140927,0.136945,0.154143,0.138068,0.144997,0.152431
0.132478,0.140926,0.136938,0.154155,0.138062,0.145000,0.152440
0.132454,0.140921,0.136924,0.154181,0.138051,0.145006,0.152463
0.132391,0.140909,0.136886,0.154250,0.138019,0.145021,0.152524
0.132412,0.140913,0.136898,0.154227,0.138030,0.145016,0.152504
0.132444,0.140918,0.136915,0.154196,0.138045,0.145008,0.152475
0.132479,0.140924,0.136934,0.154159,0.138062,0.144999,0.152443
0.132473,0.140923,0.136930,0.154166,0.138059,0.145001,0.152449
0.132500,0.140928,0.136945,0.154137,0.138071,0.144994,0.152424
0.132501,0.140928,0.136944,0.154138,0.138072,0.144995,0.152424
0.132529,0.140932,0.136958,0.154109,0.138085,0.144988,0.152398
0.132471,0.140920,0.136923,0.154172,0.138057,0.145001,0.152456
0.132439,0.140916,0.136907,0.154205,0.138041,0.145009,0.152483
0.132453,0.140918,0.136917,0.154188,0.138047,0.145007,0.152471
0.132417,0.140911,0.136894,0.154228,0.138030,0.145015,0.152504
0.132434,0.140914,0.136901,0.154213,0.138037,0.145011,0.152490
0.132452,0.140918,0.136910,0.154195,0.138046,0.145006,0.152473
0.132483,0.140924,0.136932,0.154157,0.138063,0.145000,0.152442
0.132488,0.140925,0.136935,0.154151,0.138065,0.144997,0.152438
0.132526,0.140933,0.136956,0.154113,0.138083,0.144988,0.152402
0.132534,0.140934,0.136963,0.154101,0.138087,0.144986,0.152395
0.132598,0.140945,0.136997,0.154035,0.138118,0.144971,0.152336
0.132628,0.140949,0.137014,0.154002,0.138133,0.144965,0.152308
0.132724,0.140967,0.137067,0.153902,0.138178,0.144941,0.152221
0.132786,0.140976,0.137103,0.153835,0.138209,0.144927,0.152165
0.132884,0.140991,0.137152,0.153739,0.138255,0.144903,0.152075
0.132866,0.140988,0.137149,0.153749,0.138248,0.144909,0.152091
0.132929,0.141000,0.137179,0.153688,0.138277,0.144894,0.152032
0.132867,0.140987,0.137142,0.153757,0.138247,0.144908,0.152093
0.132818,0.140982,0.137118,0.153805,0.138224,0.144921,0.152132
0.132788,0.140977,0.137102,0.153834,0.138210,0.144929,0.152159
0.132750,0.140967,0.137077,0.153881,0.138189,0.144938,0.152199
0.132764,0.140970,0.137085,0.153865,0.138196,0.144934,0.152186
0.132887,0.140991,0.137154,0.153736,0.138255,0.144904,0.152073
0.132918,0.140996,0.137169,0.153707,0.138268,0.144896,0.152046
0.132911,0.140994,0.137165,0.153715,0.138266,0.144899,0.152050
0.132866,0.140985,0.137142,0.153760,0.138245,0.144910,0.152091
0.132820,0.140978,0.137117,0.153807,0.138222,0.144923,0.152133
0.132835,0.140981,0.137126,0.153792,0.138229,0.144918,0.152118
0.132825,0.140980,0.137123,0.153799,0.138225,0.144921,0.152127
0.132737,0.140966,0.137074,0.153890,0.138184,0.144943,0.152207
0.132724,0.140965,0.137070,0.153901,0.138179,0.144946,0.152217
0.132702,0.140963,0.137058,0.153924,0.138168,0.144950,0.152236
0.132713,0.140964,0.137064,0.153912,0.138173,0.144948,0.152225
0.132794,0.140978,0.137110,0.153827,0.138213,0.144928,0.152150
0.132862,0.140989,0.137148,0.153754,0.138245,0.144913,0.152088
0.132760,0.140972,0.137090,0.153862,0.138196,0.144937,0.152182
0.132769,0.140973,0.137092,0.153856,0.138199,0.144934,0.152177
0.132817,0.140981,0.137118,0.153806,0.138222,0.144922,0.152133
0.132815,0.140980,0.137118,0.153806,0.138223,0.144923,0.152136
0.132750,0.140969,0.137080,0.153877,0.138191,0.144938,0.152197
0.132695,0.140957,0.137046,0.153938,0.138163,0.144950,0.152250
0.132645,0.140950,0.137018,0.153991,0.138140,0.144962,0.152295
0.132595,0.140940,0.136988,0.154045,0.138115,0.144974,0.152343
0.132616,0.140943,0.136997,0.154026,0.138124,0.144969,0.152325
0.132581,0.140936,0.136976,0.154064,0.138106,0.144978,0.152359
0.132624,0.140942,0.136998,0.154021,0.138126,0.144968,0.152321
0.132744,0.140963,0.137064,0.153895,0.138184,0.144940,0.152210
0.132715,0.140957,0.137049,0.153923,0.138170,0.144947,0.152239
0.132651,0.140947,0.137015,0.153991,0.138140,0.144961,0.152296
0.132579,0.140935,0.136973,0.154068,0.138105,0.144978,0.152363
0.132613,0.140941,0.136992,0.154032,0.138122,0.144969,0.152330
0.132632,0.140944,0.137005,0.154010,0.138131,0.144964,0.152313
0.132696,0.140956,0.137040,0.153945,0.138161,0.144948,0.152254
0.132772,0.140968,0.137082,0.153866,0.138197,0.144930,0.152185
