1.000000,0.000000,0.000000,0.000000,0.000000,0.000000,0.000000
0.000000,0.382028,0.069928,0.049948,0.347591,0.150505,0.000000
0.000000,0.384099,0.072101,0.050596,0.345994,0.147209,0.000000
0.000000,0.384454,0.075637,0.050931,0.345258,0.143720,0.000000
0.000000,0.385591,0.076427,0.050919,0.345044,0.142018,0.000000
0.000000,0.386827,0.074375,0.051202,0.344700,0.142895,0.000000
0.000000,0.386059,0.073168,0.051316,0.344603,0.144854,0.000000
0.000000,0.397259,0.078367,0.054137,0.338691,0.131545,0.000000
0.000000,0.391760,0.075886,0.054102,0.340015,0.138236,0.000000
0.000000,0.394065,0.074892,0.054474,0.339795,0.136774,0.000000
0.000000,0.391048,0.077103,0.052302,0.342159,0.137388,0.000000
0.000000,0.394670,0.076995,0.053568,0.339800,0.134968,0.000000
0.000000,0.396225,0.077337,0.053534,0.339622,0.133282,0.000000
0.000000,0.394141,0.074208,0.052560,0.341706,0.137385,0.000000
0.000000,0.393968,0.074714,0.053609,0.340477,0.137232,0.000000
0.000000,0.397424,0.077182,0.054053,0.338867,0.132473,0.000000
0.000000,0.399136,0.077815,0.054554,0.337951,0.130543,0.000000
0.000000,0.403422,0.079583,0.055981,0.334344,0.126670,0.000000
0.000000,0.404062,0.080070,0.055933,0.334174,0.125762,0.000000
0.000000,0.401561,0.081560,0.054857,0.335666,0.126356,0.000000
0.000000,0.399427,0.086300,0.054476,0.335386,0.124411,0.000000
0.000000,0.400866,0.088072,0.055298,0.334098,0.121666,0.000000
0.000000,0.402268,0.088488,0.055213,0.334025,0.120005,0.000000
0.000000,0.404423,0.090706,0.056575,0.332080,0.116216,0.000000
0.000000,0.405032,0.093670,0.055685,0.332349,0.113264,0.000000
0.000000,0.409300,0.095741,0.055786,0.331167,0.108007,0.000000
0.000000,0.406255,0.095715,0.054284,0.333285,0.110462,0.000000
0.000000,0.407253,0.100945,0.053405,0.332969,0.105428,0.000000
0.000000,0.405065,0.100813,0.052529,0.334301,0.107293,0.000000
0.000000,0.401948,0.096935,0.052120,0.335742,0.113255,0.000000
0.000000,0.403196,0.093816,0.053022,0.335419,0.114546,0.000000
0.000000,0.406598,0.094713,0.053772,0.333715,0.111202,0.000000
0.000000,0.409457,0.095250,0.054551,0.332057,0.108685,0.000000
0.000000,0.408204,0.097818,0.054526,0.331737,0.107716,0.000000
0.000000,0.409353,0.096703,0.054719,0.331430,0.107797,0.000000
0.000000,0.411504,0.097813,0.054977,0.330702,0.105005,0.000000
0.000000,0.406787,0.096723,0.053899,0.333086,0.109506,0.000000
0.000000,0.404874,0.096738,0.053207,0.334244,0.110937,0.000000
0.000000,0.404736,0.097548,0.053649,0.333255,0.110811,0.000000
0.000000,0.407241,0.096350,0.054758,0.331747,0.109905,0.000000
0.000000,0.408555,0.097747,0.055275,0.330529,0.107894,0.000000
0.000000,0.409668,0.099106,0.055623,0.329503,0.106100,0.000000
0.000000,0.415018,0.101255,0.057265,0.326428,0.100035,0.000000
0.000000,0.418395,0.102888,0.056974,0.325590,0.096153,0.000000
0.000000,0.415711,0.105131,0.056330,0.326123,0.096706,0.000000
0.000000,0.418256,0.109408,0.056608,0.324440,0.091289,0.000000
0.000000,0.422636,0.114773,0.056144,0.322845,0.083601,0.000000
0.000000,0.421736,0.115108,0.055638,0.323462,0.084056,0.000000
0.000000,0.423911,0.112748,0.056918,0.322440,0.083983,0.000000
0.000000,0.425982,0.112668,0.057586,0.321228,0.082535,0.000000
0.000000,0.427566,0.108730,0.058765,0.320197,0.084742,0.000000
0.000000,0.426299,0.106479,0.058346,0.321090,0.087786,0.000000
0.000000,0.427337,0.104480,0.058613,0.320607,0.088963,0.000000
0.000000,0.428124,0.101203,0.059581,0.319851,0.091241,0.000000
0.000000,0.426385,0.098250,0.059440,0.321046,0.094880,0.000000
0.000000,0.426110,0.097773,0.059159,0.321493,0.095465,0.000000
0.000000,0.427313,0.097402,0.059777,0.320216,0.095293,0.000000
0.000000,0.423107,0.095334,0.059366,0.322038,0.100155,0.000000
0.000000,0.415966,0.088650,0.059358,0.324732,0.111294,0.000000
0.000000,0.415077,0.084184,0.060711,0.324424,0.115604,0.000000
0.000000,0.413483,0.083851,0.060548,0.324831,0.117287,0.000000
0.000000,0.414924,0.084850,0.061241,0.323741,0.115244,0.000000
0.000000,0.416944,0.085258,0.061933,0.322427,0.113438,0.000000
0.000000,0.417565,0.085596,0.061872,0.322221,0.112746,0.000000
0.000000,0.420392,0.082190,0.063630,0.320659,0.113130,0.000000
0.000000,0.418256,0.079695,0.063065,0.322505,0.116479,0.000000
0.000000,0.416304,0.079269,0.062270,0.323967,0.118191,0.000000
0.000000,0.414000,0.077863,0.061743,0.325354,0.121041,0.000000
0.000000,0.410245,0.077786,0.060082,0.327776,0.124112,0.000000
0.000000,0.410573,0.078473,0.060249,0.327415,0.123290,0.000000
0.000000,0.412081,0.078636,0.060516,0.326843,0.121924,0.000000
0.000000,0.414617,0.079838,0.061578,0.324649,0.119318,0.000000
0.000000,0.416725,0.079152,0.062809,0.323327,0.117987,0.000000
0.000000,0.421969,0.078473,0.066252,0.319011,0.114295,0.000000
0.000000,0.424273,0.080673,0.067227,0.317066,0.110760,0.000000
0.000000,0.425153,0.080453,0.067967,0.316222,0.110205,0.000000
0.000000,0.425438,0.081771,0.068636,0.315218,0.108938,0.000000
0.000000,0.427164,0.084272,0.068388,0.314585,0.105591,0.000000
0.000000,0.426385,0.082436,0.069110,0.314277,0.107792,0.000000
0.000000,0.426544,0.080100,0.070128,0.313309,0.109919,0.000000
0.000000,0.425889,0.082863,0.068721,0.315612,0.106915,0.000000
0.000000,0.426177,0.083343,0.069071,0.315297,0.106111,0.000000
0.000000,0.427349,0.083863,0.068857,0.315048,0.104883,0.000000
0.000000,0.427221,0.083580,0.068829,0.314987,0.105384,0.000000
0.000000,0.426545,0.084536,0.068988,0.314557,0.105374,0.000000
0.000000,0.424945,0.081853,0.068406,0.316084,0.108712,0.000000
0.000000,0.425819,0.084639,0.068856,0.314758,0.105928,0.000000
0.000000,0.426293,0.086553,0.068483,0.314772,0.103899,0.000000
0.000000,0.427182,0.086604,0.068548,0.314159,0.103507,0.000000
0.000000,0.429455,0.090572,0.068148,0.313502,0.098322,0.000000
0.000000,0.430764,0.093569,0.067720,0.313051,0.094895,0.000000
0.000000,0.428718,0.092608,0.067452,0.314126,0.097096,0.000000
0.000000,0.426188,0.091078,0.066731,0.315879,0.100125,0.000000
0.000000,0.425975,0.091610,0.066645,0.315720,0.100050,0.000000
0.000000,0.423670,0.091616,0.066385,0.316375,0.101953,0.000000
0.000000,0.419543,0.088300,0.065450,0.318524,0.108183,0.000000
0.000000,0.417679,0.085841,0.064777,0.320343,0.111360,0.000000
0.000000,0.418559,0.085887,0.065302,0.319462,0.110790,0.000000
0.000000,0.418019,0.084973,0.065698,0.319306,0.112005,0.000000
0.000000,0.418963,0.086579,0.065738,0.318643,0.110077,0.000000
0.000000,0.421563,0.089447,0.066088,0.316872,0.106031,0.000000
0.000000,0.424836,0.091310,0.066678,0.315115,0.102061,0.000000
0.000000,0.425722,0.092952,0.066415,0.314934,0.099978,0.000000
0.000000,0.426666,0.092966,0.067237,0.314263,0.098869,0.000000
0.000000,0.435096,0.100780,0.067298,0.311235,0.085591,0.000000
0.000000,0.439761,0.098132,0.070400,0.307945,0.083763,0.000000
0.000000,0.435538,0.096010,0.069660,0.310036,0.088756,0.000000
0.000000,0.434095,0.096013,0.069060,0.310976,0.089855,0.000000
0.000000,0.431663,0.094956,0.068150,0.312685,0.092546,0.000000
0.000000,0.428487,0.095452,0.067331,0.313851,0.094879,0.000000
0.000000,0.429025,0.095251,0.067575,0.313158,0.094990,0.000000
0.000000,0.432186,0.095846,0.068702,0.311206,0.092060,0.000000
0.000000,0.435707,0.097891,0.069223,0.309631,0.087548,0.000000
0.000000,0.435977,0.098435,0.069570,0.309058,0.086959,0.000000
0.000000,0.437268,0.100956,0.069221,0.308520,0.084036,0.000000
0.000000,0.437738,0.101829,0.069272,0.308146,0.083015,0.000000
0.000000,0.440805,0.103873,0.069931,0.306327,0.079064,0.000000
0.000000,0.442889,0.105604,0.070824,0.304516,0.076166,0.000000
0.000000,0.443597,0.106639,0.070820,0.303860,0.075085,0.000000
0.000000,0.443154,0.106313,0.070801,0.304064,0.075667,0.000000
0.000000,0.441730,0.106153,0.070380,0.304971,0.076766,0.000000
0.000000,0.440031,0.105367,0.070090,0.305468,0.079044,0.000000
0.000000,0.442686,0.104734,0.071407,0.303584,0.077590,0.000000
0.000000,0.440942,0.102664,0.071136,0.304507,0.080751,0.000000
0.000000,0.442519,0.101671,0.070854,0.304752,0.080204,0.000000
0.000000,0.446605,0.103379,0.072082,0.302273,0.075660,0.000000
0.000000,0.450335,0.106275,0.071864,0.301263,0.070264,0.000000
0.000000,0.451181,0.105965,0.071915,0.301135,0.069803,0.000000
0.000000,0.446389,0.104122,0.070575,0.303966,0.074948,0.000000
0.000000,0.442768,0.099358,0.070392,0.305849,0.081633,0.000000
0.000000,0.444943,0.101924,0.070559,0.304834,0.077740,0.000000
0.000000,0.445080,0.100216,0.071430,0.304179,0.079096,0.000000
0.000000,0.444701,0.101288,0.071904,0.303593,0.078513,0.000000
0.000000,0.445491,0.102738,0.072299,0.302479,0.076992,0.000000
0.000000,0.446050,0.103088,0.072836,0.301961,0.076065,0.000000
0.000000,0.446697,0.102491,0.073709,0.301162,0.075941,0.000000
0.000000,0.445057,0.101906,0.073676,0.301725,0.077636,0.000000
0.000000,0.447042,0.101210,0.074535,0.300660,0.076552,0.000000
0.000000,0.444139,0.101148,0.074026,0.301370,0.079317,0.000000
0.000000,0.442407,0.102958,0.072433,0.302726,0.079477,0.000000
0.000000,0.441527,0.103776,0.071859,0.303491,0.079347,0.000000
0.000000,0.439144,0.100964,0.072452,0.303508,0.083932,0.000000
0.000000,0.439927,0.101438,0.072897,0.302105,0.083633,0.000000
0.000000,0.441029,0.101189,0.073681,0.301131,0.082970,0.000000
0.000000,0.441963,0.097506,0.075222,0.298873,0.086435,0.000000
0.000000,0.440173,0.094332,0.075075,0.299763,0.090657,0.000000
0.000000,0.439717,0.092207,0.075413,0.300102,0.092561,0.000000
0.000000,0.435696,0.095497,0.073776,0.301921,0.093109,0.000000
0.000000,0.436582,0.098751,0.073479,0.301541,0.089648,0.000000
0.000000,0.435736,0.098060,0.072695,0.302644,0.090865,0.000000
0.000000,0.434383,0.098995,0.072376,0.303256,0.090990,0.000000
0.000000,0.432835,0.100132,0.071147,0.304454,0.091432,0.000000
0.000000,0.433302,0.101550,0.071817,0.303155,0.090176,0.000000
0.000000,0.433583,0.102646,0.072070,0.302426,0.089275,0.000000
0.000000,0.434414,0.103240,0.072109,0.302234,0.088002,0.000000
0.000000,0.435412,0.105142,0.072726,0.300907,0.085813,0.000000
0.000000,0.434706,0.103294,0.073164,0.300941,0.087895,0.000000
0.000000,0.434341,0.103133,0.073230,0.301101,0.088195,0.000000
0.000000,0.432095,0.099838,0.072734,0.302619,0.092714,0.000000
0.000000,0.431896,0.099774,0.072767,0.302372,0.093191,0.000000
0.000000,0.436241,0.101953,0.073772,0.300298,0.087736,0.000000
0.000000,0.435870,0.102623,0.073676,0.300224,0.087607,0.000000
0.000000,0.433552,0.101616,0.073105,0.301370,0.090358,0.000000
0.000000,0.427872,0.102422,0.070805,0.304252,0.094650,0.000000
0.000000,0.427809,0.102661,0.070202,0.305135,0.094193,0.000000
0.000000,0.429794,0.103826,0.070862,0.303694,0.091825,0.000000
0.000000,0.427974,0.102378,0.070778,0.304345,0.094525,0.000000
0.000000,0.428339,0.104450,0.070528,0.304256,0.092426,0.000000
0.000000,0.427165,0.104885,0.069514,0.305623,0.092814,0.000000
0.000000,0.428308,0.105361,0.069927,0.304936,0.091469,0.000000
0.000000,0.430695,0.107315,0.070661,0.303364,0.087965,0.000000
0.000000,0.432217,0.107905,0.070925,0.302808,0.086144,0.000000
0.000000,0.433640,0.105983,0.071458,0.302415,0.086505,0.000000
0.000000,0.436949,0.105798,0.072407,0.301121,0.083724,0.000000
0.000000,0.437151,0.107660,0.071722,0.301806,0.081661,0.000000
0.000000,0.436843,0.108841,0.070906,0.302375,0.081035,0.000000
0.000000,0.437465,0.110082,0.071569,0.301099,0.079786,0.000000
0.000000,0.436298,0.109686,0.071828,0.301107,0.081082,0.000000
0.000000,0.435376,0.109141,0.071147,0.302022,0.082315,0.000000
0.000000,0.438510,0.113886,0.072030,0.299513,0.076060,0.000000
0.000000,0.438454,0.114673,0.072218,0.299033,0.075623,0.000000
0.000000,0.437169,0.115877,0.071744,0.299100,0.076109,0.000000
0.000000,0.437812,0.117018,0.071590,0.299107,0.074473,0.000000
0.000000,0.437125,0.116420,0.072736,0.297854,0.075866,0.000000
0.000000,0.436773,0.114641,0.073060,0.297649,0.077877,0.000000
0.000000,0.439736,0.112891,0.073878,0.296938,0.076557,0.000000
0.000000,0.440781,0.112860,0.074153,0.296403,0.075803,0.000000
0.000000,0.441221,0.112610,0.074655,0.295769,0.075745,0.000000
0.000000,0.440278,0.111998,0.074890,0.295576,0.077259,0.000000
0.000000,0.439799,0.112460,0.074924,0.295482,0.077335,0.000000
0.000000,0.438900,0.112560,0.074747,0.296077,0.077716,0.000000
0.000000,0.439608,0.111419,0.074944,0.296123,0.077905,0.000000
0.000000,0.441463,0.113178,0.075532,0.294909,0.074918,0.000000
0.000000,0.445373,0.115648,0.075630,0.293420,0.069929,0.000000
0.000000,0.449278,0.118983,0.075610,0.292238,0.063890,0.000000
0.000000,0.451784,0.124448,0.074789,0.291608,0.057371,0.000000
0.000000,0.453970,0.125439,0.075407,0.290391,0.054794,0.000000
0.000000,0.452077,0.123938,0.075339,0.291560,0.057086,0.000000
0.000000,0.447492,0.122582,0.073724,0.294357,0.061845,0.000000
0.000000,0.447280,0.123049,0.073564,0.294456,0.061651,0.000000
0.000000,0.451451,0.122154,0.075381,0.291980,0.059034,0.000000
0.000000,0.451733,0.121509,0.075291,0.291813,0.059654,0.000000
0.000000,0.451403,0.121748,0.075914,0.291083,0.059852,0.000000
0.000000,0.450520,0.120810,0.075942,0.291585,0.061143,0.000000
0.000000,0.451729,0.120344,0.075452,0.292085,0.060390,0.000000
0.000000,0.446788,0.117870,0.073184,0.296127,0.066031,0.000000
0.000000,0.447349,0.116507,0.073670,0.295921,0.066553,0.000000
0.000000,0.445095,0.115449,0.073241,0.296657,0.069558,0.000000
0.000000,0.449738,0.123170,0.072802,0.294679,0.059612,0.000000
0.000000,0.454110,0.127171,0.072602,0.293495,0.052622,0.000000
0.000000,0.447489,0.126733,0.070095,0.297871,0.057811,0.000000
0.000000,0.447564,0.127506,0.070001,0.298173,0.056756,0.000000
0.000000,0.448779,0.127818,0.070570,0.297309,0.055524,0.000000
0.000000,0.445986,0.126530,0.070067,0.298405,0.059012,0.000000
0.000000,0.443869,0.126726,0.069032,0.299751,0.060622,0.000000
0.000000,0.442155,0.122403,0.069763,0.300264,0.065415,0.000000
0.000000,0.442919,0.121868,0.070123,0.300081,0.065009,0.000000
0.000000,0.445472,0.124198,0.070561,0.298651,0.061119,0.000000
0.000000,0.445526,0.124214,0.070543,0.298725,0.060991,0.000000
0.000000,0.447408,0.125997,0.071208,0.297303,0.058084,0.000000
0.000000,0.448567,0.124308,0.072190,0.296655,0.058281,0.000000
0.000000,0.450988,0.125617,0.073257,0.294949,0.055189,0.000000
0.000000,0.450264,0.126697,0.072725,0.295297,0.055017,0.000000
0.000000,0.454922,0.129983,0.073794,0.292488,0.048813,0.000000
0.000000,0.456640,0.131445,0.073660,0.292085,0.046170,0.000000
0.000000,0.456024,0.132492,0.073288,0.292542,0.045653,0.000000
0.000000,0.453266,0.131223,0.072161,0.294497,0.048852,0.000000
0.000000,0.454047,0.130142,0.072709,0.293998,0.049104,0.000000
0.000000,0.451712,0.128959,0.072102,0.295228,0.051999,0.000000
0.000000,0.453668,0.130041,0.072577,0.294007,0.049707,0.000000
0.000000,0.455484,0.130991,0.073517,0.292356,0.047653,0.000000
0.000000,0.458091,0.133588,0.073592,0.291367,0.043363,0.000000
0.000000,0.457561,0.134285,0.073332,0.291613,0.043209,0.000000
0.000000,0.456980,0.136287,0.072515,0.292040,0.042178,0.000000
0.000000,0.461458,0.141133,0.073507,0.289078,0.034825,0.000000
0.000000,0.461557,0.142048,0.073871,0.288555,0.033968,0.000000
0.000000,0.462471,0.143069,0.074126,0.287750,0.032583,0.000000
0.000000,0.467781,0.147029,0.075289,0.284717,0.025184,0.000000
0.000000,0.468453,0.149003,0.075565,0.283971,0.023008,0.000000
0.000000,0.468280,0.148701,0.075775,0.283793,0.023451,0.000000
0.000000,0.462037,0.145438,0.074300,0.287275,0.030950,0.000000
0.000000,0.458997,0.141555,0.074228,0.288779,0.036441,0.000000
0.000000,0.461413,0.139572,0.075498,0.287606,0.035911,0.000000
0.000000,0.464384,0.141281,0.075607,0.286696,0.032032,0.000000
0.000000,0.467587,0.143998,0.075148,0.285912,0.027355,0.000000
0.000000,0.468639,0.144560,0.075416,0.285446,0.025938,0.000000
0.000000,0.469170,0.143080,0.076410,0.284736,0.026605,0.000000
0.000000,0.470405,0.143382,0.076433,0.284299,0.025480,0.000000
0.000000,0.470604,0.144617,0.076701,0.283507,0.024571,0.000000
0.000000,0.470395,0.145472,0.076339,0.283748,0.024046,0.000000
0.000000,0.472995,0.148325,0.076583,0.282593,0.019505,0.000000
0.000000,0.471238,0.147591,0.076505,0.282956,0.021711,0.000000
0.000000,0.469977,0.146259,0.076481,0.283677,0.023606,0.000000
0.000000,0.471344,0.148623,0.076600,0.283019,0.020415,0.000000
0.000000,0.469990,0.146583,0.077052,0.283113,0.023262,0.000000
0.000000,0.470642,0.147658,0.076994,0.282719,0.021986,0.000000
0.000000,0.470384,0.145201,0.077148,0.282980,0.024287,0.000000
0.000000,0.470163,0.145300,0.077191,0.282663,0.024682,0.000000
0.000000,0.473391,0.146463,0.078536,0.280221,0.021389,0.000000
0.000000,0.473996,0.146438,0.079136,0.279418,0.021012,0.000000
0.000000,0.472212,0.143907,0.079152,0.280211,0.024518,0.000000
0.000000,0.476391,0.142580,0.081632,0.277256,0.022141,0.000000
0.000000,0.481272,0.143456,0.083441,0.274528,0.017304,0.000000
0.000000,0.478593,0.140836,0.083033,0.275915,0.021623,0.000000
0.000000,0.477667,0.140104,0.082764,0.276359,0.023105,0.000000
0.000000,0.478665,0.140026,0.083082,0.275895,0.022333,0.000000
0.000000,0.482792,0.145043,0.083589,0.272891,0.015686,0.000000
0.000000,0.485774,0.150187,0.083642,0.271111,0.009286,0.000000
0.000000,0.486954,0.151646,0.084626,0.269772,0.007002,0.000000
0.000000,0.486492,0.149990,0.084577,0.270180,0.008761,0.000000
0.000000,0.483724,0.147343,0.083671,0.272042,0.013220,0.000000
0.000000,0.481581,0.145827,0.082928,0.273420,0.016244,0.000000
0.000000,0.484730,0.147158,0.083831,0.271593,0.012688,0.000000
0.000000,0.483068,0.145870,0.082704,0.273193,0.015165,0.000000
0.000000,0.485348,0.145881,0.083197,0.272241,0.013332,0.000000
0.000000,0.480025,0.145303,0.080884,0.276092,0.017696,0.000000
0.000000,0.473499,0.140538,0.078978,0.280267,0.026719,0.000000
0.000000,0.465748,0.136088,0.075714,0.285621,0.036829,0.000000
0.000000,0.468726,0.137274,0.076045,0.285354,0.032601,0.000000
0.000000,0.481313,0.143300,0.080852,0.276943,0.017592,0.000000
0.000000,0.483315,0.141810,0.081128,0.276362,0.017385,0.000000
0.000000,0.487430,0.145434,0.082754,0.273199,0.011183,0.000000
0.000000,0.485177,0.143867,0.082107,0.274430,0.014419,0.000000
0.000000,0.479890,0.134629,0.079688,0.279598,0.026195,0.000000
0.000000,0.476498,0.131359,0.079207,0.281388,0.031549,0.000000
0.000000,0.470014,0.123601,0.077343,0.286050,0.042993,0.000000
0.000000,0.466736,0.122765,0.076754,0.287657,0.046088,0.000000
0.000000,0.464750,0.121193,0.076000,0.289565,0.048492,0.000000
0.000000,0.466621,0.124867,0.076468,0.288071,0.043972,0.000000
0.000000,0.467399,0.124278,0.076993,0.287671,0.043660,0.000000
0.000000,0.466193,0.122545,0.076442,0.288908,0.045912,0.000000
0.000000,0.471653,0.126206,0.077365,0.286867,0.037909,0.000000
0.000000,0.473732,0.125647,0.078890,0.284809,0.036923,0.000000
0.000000,0.472792,0.122947,0.078725,0.285616,0.039921,0.000000
0.000000,0.470228,0.121087,0.078527,0.286344,0.043813,0.000000
0.000000,0.468222,0.118753,0.078619,0.286958,0.047448,0.000000
0.000000,0.469424,0.119741,0.079065,0.285985,0.045785,0.000000
0.000000,0.466409,0.118106,0.077948,0.288050,0.049488,0.000000
0.000000,0.461747,0.117783,0.076366,0.290751,0.053353,0.000000
0.000000,0.459461,0.120235,0.074788,0.292471,0.053045,0.000000
0.000000,0.461635,0.124142,0.074593,0.291721,0.047909,0.000000
0.000000,0.463374,0.128298,0.074873,0.290609,0.042846,0.000000
0.000000,0.468629,0.130923,0.075922,0.287634,0.036893,0.000000
0.000000,0.470805,0.128789,0.077090,0.286486,0.036830,0.000000
0.000000,0.473812,0.131229,0.078198,0.283982,0.032778,0.000000
0.000000,0.476451,0.131840,0.079102,0.282273,0.030334,0.000000
0.000000,0.475477,0.132876,0.079628,0.281492,0.030528,0.000000
0.000000,0.475895,0.133472,0.079138,0.281731,0.029765,0.000000
0.000000,0.478242,0.138530,0.079607,0.279764,0.023856,0.000000
0.000000,0.476090,0.136513,0.079012,0.281138,0.027248,0.000000
0.000000,0.475713,0.136384,0.078278,0.282314,0.027312,0.000000
0.000000,0.478250,0.138867,0.077587,0.281924,0.023372,0.000000
0.000000,0.482299,0.143220,0.077283,0.280765,0.016432,0.000000
0.000000,0.481365,0.142112,0.077394,0.281397,0.017732,0.000000
0.000000,0.473767,0.132559,0.075895,0.286699,0.031080,0.000000
0.000000,0.473751,0.130584,0.075281,0.287966,0.032418,0.000000
0.000000,0.470638,0.130779,0.074694,0.289104,0.034786,0.000000
0.000000,0.470033,0.131723,0.074409,0.289223,0.034612,0.000000
0.000000,0.468042,0.128461,0.074839,0.289505,0.039153,0.000000
0.000000,0.471364,0.130832,0.076535,0.286447,0.034823,0.000000
0.000000,0.474714,0.133752,0.076963,0.284872,0.029699,0.000000
0.000000,0.473907,0.135788,0.076779,0.285008,0.028518,0.000000
0.000000,0.471870,0.132644,0.076979,0.285789,0.032718,0.000000
0.000000,0.473352,0.129182,0.078195,0.285294,0.033977,0.000000
0.000000,0.475349,0.127989,0.079251,0.284122,0.033289,0.000000
0.000000,0.473659,0.128447,0.078465,0.285005,0.034424,0.000000
0.000000,0.471530,0.121599,0.078273,0.286968,0.041631,0.000000
0.000000,0.474031,0.121496,0.078790,0.286386,0.039297,0.000000
0.000000,0.470829,0.122906,0.078281,0.287124,0.040860,0.000000
0.000000,0.471347,0.122649,0.078403,0.286521,0.041079,0.000000
0.000000,0.475424,0.127415,0.079012,0.284069,0.034080,0.000000
0.000000,0.475588,0.131951,0.078168,0.284186,0.030108,0.000000
0.000000,0.479348,0.134701,0.078635,0.282293,0.025023,0.000000
0.000000,0.481526,0.136411,0.079296,0.280621,0.022147,0.000000
0.000000,0.477339,0.132098,0.078833,0.282723,0.029007,0.000000
0.000000,0.475906,0.130687,0.077431,0.284454,0.031522,0.000000
0.000000,0.476118,0.132705,0.076871,0.284744,0.029562,0.000000
0.000000,0.479366,0.133947,0.077401,0.283088,0.026199,0.000000
0.000000,0.479439,0.135164,0.077223,0.282970,0.025204,0.000000
0.000000,0.478288,0.136860,0.076533,0.283679,0.024640,0.000000
0.000000,0.476181,0.134408,0.075998,0.285375,0.028038,0.000000
0.000000,0.474559,0.133343,0.075802,0.286123,0.030173,0.000000
0.000000,0.473710,0.136357,0.075430,0.285948,0.028554,0.000000
0.000000,0.469543,0.138698,0.073451,0.288199,0.030108,0.000000
0.000000,0.466305,0.134979,0.072618,0.290425,0.035674,0.000000
0.000000,0.467336,0.133774,0.073321,0.289864,0.035705,0.000000
0.000000,0.467728,0.133696,0.073046,0.290144,0.035387,0.000000
0.000000,0.466300,0.132249,0.073190,0.290574,0.037687,0.000000
0.000000,0.467379,0.133648,0.073305,0.289903,0.035765,0.000000
0.000000,0.467953,0.133574,0.073467,0.289624,0.035381,0.000000
0.000000,0.466456,0.133817,0.072181,0.290884,0.036662,0.000000
0.000000,0.465510,0.131226,0.072236,0.291595,0.039432,0.000000
0.000000,0.460991,0.130102,0.070991,0.293921,0.043995,0.000000
0.000000,0.453632,0.124972,0.069708,0.297873,0.053814,0.000000
0.000000,0.449766,0.123622,0.069198,0.299313,0.058101,0.000000
0.000000,0.453652,0.126279,0.069135,0.298100,0.052834,0.000000
0.000000,0.454408,0.129257,0.068639,0.297859,0.049837,0.000000
0.000000,0.455936,0.129213,0.068702,0.297550,0.048599,0.000000
0.000000,0.453746,0.127248,0.068074,0.298821,0.052110,0.000000
0.000000,0.454878,0.128860,0.069174,0.297029,0.050059,0.000000
0.000000,0.454207,0.130407,0.069137,0.296982,0.049267,0.000000
0.000000,0.457484,0.133870,0.069786,0.294623,0.044237,0.000000
0.000000,0.453682,0.130930,0.068849,0.296880,0.049659,0.000000
0.000000,0.455772,0.131277,0.068673,0.296269,0.048009,0.000000
0.000000,0.455095,0.127685,0.068894,0.296760,0.051565,0.000000
0.000000,0.454094,0.127452,0.068759,0.297308,0.052387,0.000000
0.000000,0.456675,0.125101,0.070168,0.295366,0.052690,0.000000
0.000000,0.453487,0.122011,0.070588,0.296042,0.057872,0.000000
0.000000,0.451537,0.121240,0.070896,0.296336,0.059990,0.000000
0.000000,0.452001,0.121159,0.071310,0.295642,0.059887,0.000000
0.000000,0.451908,0.120371,0.071388,0.295675,0.060658,0.000000
0.000000,0.451732,0.122358,0.071494,0.295043,0.059373,0.000000
0.000000,0.452891,0.123664,0.071776,0.294372,0.057297,0.000000
0.000000,0.452265,0.124594,0.071295,0.295186,0.056659,0.000000
0.000000,0.449914,0.122414,0.071385,0.295832,0.060455,0.000000
0.000000,0.451903,0.124857,0.071992,0.294427,0.056822,0.000000
0.000000,0.453518,0.125801,0.072459,0.293365,0.054857,0.000000
0.000000,0.453027,0.126773,0.072077,0.294030,0.054093,0.000000
0.000000,0.456695,0.130692,0.072284,0.292274,0.048056,0.000000
0.000000,0.458709,0.134319,0.071838,0.291754,0.043381,0.000000
0.000000,0.460495,0.134198,0.072176,0.291093,0.042038,0.000000
0.000000,0.457128,0.135000,0.070421,0.293764,0.043686,0.000000
0.000000,0.458457,0.137479,0.070744,0.292483,0.040837,0.000000
0.000000,0.459002,0.138274,0.070954,0.292008,0.039762,0.000000
0.000000,0.458531,0.136176,0.071117,0.292265,0.041911,0.000000
0.000000,0.460199,0.137131,0.071549,0.291176,0.039945,0.000000
0.000000,0.461612,0.137851,0.072007,0.290379,0.038151,0.000000
0.000000,0.464133,0.138879,0.072596,0.288874,0.035518,0.000000
0.000000,0.467405,0.143941,0.073034,0.286106,0.029514,0.000000
0.000000,0.469852,0.146980,0.073541,0.284516,0.025111,0.000000
0.000000,0.469209,0.145218,0.074502,0.283426,0.027645,0.000000
0.000000,0.467002,0.144736,0.074527,0.283395,0.030340,0.000000
0.000000,0.464215,0.143144,0.073561,0.285881,0.033200,0.000000
0.000000,0.468659,0.146504,0.074601,0.283403,0.026833,0.000000
0.000000,0.468053,0.146653,0.074538,0.283816,0.026940,0.000000
0.000000,0.468115,0.145232,0.074715,0.284085,0.027854,0.000000
0.000000,0.469264,0.147817,0.074620,0.283545,0.024753,0.000000
0.000000,0.466970,0.145526,0.074654,0.284232,0.028619,0.000000
0.000000,0.467450,0.143626,0.075329,0.283598,0.029996,0.000000
0.000000,0.470076,0.141227,0.076012,0.282968,0.029717,0.000000
0.000000,0.469103,0.140049,0.076062,0.283000,0.031788,0.000000
0.000000,0.469184,0.138695,0.076608,0.282766,0.032747,0.000000
0.000000,0.465562,0.135949,0.076536,0.283661,0.038292,0.000000
0.000000,0.463884,0.135463,0.076783,0.283819,0.040052,0.000000
0.000000,0.466328,0.138155,0.077251,0.282423,0.035843,0.000000
0.000000,0.467839,0.138310,0.077583,0.282270,0.033998,0.000000
0.000000,0.468690,0.134760,0.079046,0.281064,0.036440,0.000000
0.000000,0.466160,0.133708,0.077985,0.282999,0.039147,0.000000
0.000000,0.463506,0.130170,0.078404,0.283585,0.044336,0.000000
0.000000,0.460713,0.128467,0.078132,0.284774,0.047913,0.000000
0.000000,0.459488,0.121654,0.078858,0.286407,0.053594,0.000000
0.000000,0.458609,0.120176,0.078583,0.287145,0.055488,0.000000
0.000000,0.453462,0.118052,0.076452,0.290922,0.061113,0.000000
0.000000,0.455968,0.119299,0.077177,0.289640,0.057916,0.000000
0.000000,0.457661,0.122562,0.077336,0.288179,0.054262,0.000000
0.000000,0.457222,0.123300,0.077285,0.288317,0.053875,0.000000
0.000000,0.456808,0.121426,0.077409,0.288549,0.055808,0.000000
0.000000,0.458127,0.121191,0.077271,0.288674,0.054737,0.000000
0.000000,0.461321,0.123569,0.078214,0.286685,0.050211,0.000000
0.000000,0.462129,0.123993,0.078326,0.286277,0.049275,0.000000
0.000000,0.460711,0.121058,0.078375,0.287088,0.052767,0.000000
0.000000,0.458555,0.119995,0.077629,0.288548,0.055272,0.000000
0.000000,0.460322,0.121773,0.078331,0.286856,0.052717,0.000000
0.000000,0.462769,0.124232,0.079147,0.284663,0.049188,0.000000
0.000000,0.463855,0.124300,0.079672,0.283813,0.048360,0.000000
0.000000,0.463520,0.125414,0.079530,0.283715,0.047820,0.000000
0.000000,0.462460,0.125104,0.079375,0.284127,0.048934,0.000000
0.000000,0.461997,0.122934,0.079828,0.284136,0.051105,0.000000
0.000000,0.461605,0.121985,0.080394,0.283769,0.052248,0.000000
0.000000,0.461432,0.122104,0.080865,0.283276,0.052322,0.000000
0.000000,0.460254,0.122954,0.080661,0.283142,0.052988,0.000000
0.000000,0.460037,0.124300,0.080190,0.283296,0.052176,0.000000
0.000000,0.460825,0.121415,0.080370,0.283323,0.054069,0.000000
0.000000,0.460372,0.115023,0.080110,0.284804,0.059692,0.000000
0.000000,0.461664,0.111942,0.079578,0.285760,0.061056,0.000000
0.000000,0.461190,0.110733,0.079887,0.285646,0.062544,0.000000
0.000000,0.462566,0.111944,0.080328,0.284434,0.060728,0.000000
0.000000,0.464662,0.114411,0.080485,0.283001,0.057440,0.000000
0.000000,0.464419,0.115395,0.080247,0.283085,0.056854,0.000000
0.000000,0.463539,0.116744,0.080124,0.283183,0.056410,0.000000
0.000000,0.462998,0.117073,0.080108,0.283274,0.056547,0.000000
0.000000,0.462839,0.116837,0.080016,0.283608,0.056700,0.000000
0.000000,0.462645,0.116446,0.079791,0.284117,0.057002,0.000000
0.000000,0.462776,0.116555,0.079613,0.284336,0.056720,0.000000
0.000000,0.463260,0.119016,0.079353,0.283680,0.054691,0.000000
0.000000,0.464691,0.119773,0.079798,0.282909,0.052830,0.000000
0.000000,0.464596,0.121126,0.079581,0.282752,0.051945,0.000000
0.000000,0.468792,0.126799,0.080138,0.279536,0.044735,0.000000
0.000000,0.470489,0.129305,0.080025,0.278647,0.041534,0.000000
0.000000,0.471103,0.127421,0.080630,0.278398,0.042448,0.000000
0.000000,0.470554,0.126635,0.080759,0.278750,0.043303,0.000000
0.000000,0.470394,0.126895,0.080716,0.278885,0.043110,0.000000
0.000000,0.469745,0.126006,0.080478,0.279495,0.044275,0.000000
0.000000,0.470522,0.125411,0.080788,0.278998,0.044282,0.000000
0.000000,0.471994,0.129115,0.079627,0.279323,0.039942,0.000000
0.000000,0.473410,0.128348,0.080085,0.278553,0.039604,0.000000
0.000000,0.467116,0.127338,0.078263,0.282096,0.045188,0.000000
0.000000,0.468382,0.128473,0.077872,0.282429,0.042843,0.000000
0.000000,0.470142,0.130188,0.078745,0.280773,0.040152,0.000000
0.000000,0.466659,0.128120,0.078637,0.282055,0.044529,0.000000
0.000000,0.461668,0.120481,0.079057,0.283984,0.054810,0.000000
0.000000,0.462706,0.121081,0.079148,0.283513,0.053552,0.000000
0.000000,0.461449,0.120872,0.077965,0.285427,0.054288,0.000000
0.000000,0.463934,0.122435,0.078437,0.284135,0.051060,0.000000
0.000000,0.465131,0.123507,0.079152,0.282801,0.049410,0.000000
0.000000,0.467899,0.125098,0.079917,0.281147,0.045939,0.000000
0.000000,0.468582,0.127115,0.079631,0.281116,0.043556,0.000000
0.000000,0.468677,0.127698,0.079866,0.280716,0.043043,0.000000
0.000000,0.469963,0.128511,0.080615,0.279249,0.041662,0.000000
0.000000,0.470196,0.131089,0.080369,0.278669,0.039678,0.000000
0.000000,0.469203,0.130472,0.080121,0.279270,0.040934,0.000000
0.000000,0.472314,0.132716,0.080568,0.278041,0.036362,0.000000
0.000000,0.472394,0.132618,0.080888,0.277903,0.036197,0.000000
0.000000,0.474898,0.134345,0.081555,0.276297,0.032906,0.000000
0.000000,0.473485,0.133730,0.081405,0.276694,0.034686,0.000000
0.000000,0.475695,0.135036,0.081833,0.275651,0.031785,0.000000
0.000000,0.476824,0.134735,0.082450,0.275048,0.030943,0.000000
0.000000,0.476471,0.135186,0.082023,0.275943,0.030377,0.000000
0.000000,0.479250,0.132977,0.082434,0.275675,0.029664,0.000000
0.000000,0.477805,0.132979,0.081483,0.276403,0.031331,0.000000
0.000000,0.482282,0.135952,0.082359,0.273844,0.025563,0.000000
0.000000,0.490218,0.140567,0.084522,0.269416,0.015276,0.000000
0.000000,0.487682,0.137604,0.084321,0.270413,0.019980,0.000000
0.000000,0.483295,0.134369,0.083505,0.272925,0.025905,0.000000
0.000000,0.481426,0.131856,0.083795,0.273608,0.029315,0.000000
0.000000,0.485817,0.136585,0.084916,0.270600,0.022083,0.000000
0.000000,0.485195,0.136668,0.084397,0.271224,0.022516,0.000000
0.000000,0.483788,0.136972,0.083488,0.272308,0.023445,0.000000
0.000000,0.483920,0.139051,0.082750,0.272679,0.021600,0.000000
0.000000,0.482254,0.138752,0.082220,0.273735,0.023039,0.000000
0.000000,0.478326,0.136496,0.080261,0.277174,0.027743,0.000000
0.000000,0.479719,0.136846,0.081072,0.275744,0.026618,0.000000
0.000000,0.479704,0.135606,0.081592,0.275281,0.027817,0.000000
0.000000,0.476697,0.135081,0.080031,0.277588,0.030603,0.000000
0.000000,0.475420,0.134417,0.079165,0.279183,0.031815,0.000000
0.000000,0.475541,0.135011,0.079223,0.279036,0.031190,0.000000
0.000000,0.476668,0.136127,0.079141,0.278829,0.029235,0.000000
0.000000,0.479894,0.139728,0.079633,0.276619,0.024126,0.000000
0.000000,0.480758,0.140391,0.079628,0.276301,0.022922,0.000000
0.000000,0.484167,0.142921,0.080106,0.274671,0.018135,0.000000
0.000000,0.482655,0.142383,0.080156,0.274981,0.019825,0.000000
0.000000,0.483203,0.142306,0.080466,0.274254,0.019771,0.000000
0.000000,0.485133,0.143548,0.080918,0.273322,0.017079,0.000000
0.000000,0.484468,0.144999,0.080010,0.274002,0.016521,0.000000
0.000000,0.484422,0.147124,0.080330,0.273288,0.014837,0.000000
0.000000,0.485861,0.148323,0.080188,0.272875,0.012753,0.000000
0.000000,0.485708,0.149802,0.079451,0.273142,0.011897,0.000000
0.000000,0.481626,0.150333,0.078165,0.275173,0.014704,0.000000
0.000000,0.479535,0.148554,0.078025,0.276055,0.017830,0.000000
0.000000,0.479661,0.148179,0.078525,0.275591,0.018045,0.000000
0.000000,0.481336,0.149742,0.078638,0.274994,0.015290,0.000000
0.000000,0.482249,0.149961,0.079081,0.274410,0.014299,0.000000
0.000000,0.482014,0.150498,0.078963,0.274812,0.013713,0.000000
0.000000,0.476947,0.149135,0.077429,0.277703,0.018786,0.000000
0.000000,0.473345,0.146909,0.076946,0.279192,0.023609,0.000000
0.000000,0.471838,0.146240,0.076262,0.280360,0.025299,0.000000
0.000000,0.473441,0.147404,0.076253,0.280089,0.022813,0.000000
0.000000,0.474217,0.147967,0.075857,0.280450,0.021509,0.000000
0.000000,0.476318,0.148034,0.076889,0.278802,0.019957,0.000000
0.000000,0.482134,0.147191,0.080228,0.274757,0.015691,0.000000
0.000000,0.484631,0.148515,0.081093,0.273118,0.012644,0.000000
0.000000,0.485700,0.147297,0.081954,0.272394,0.012654,0.000000
0.000000,0.486325,0.146431,0.082972,0.271461,0.012812,0.000000
0.000000,0.486487,0.145851,0.083010,0.271778,0.012875,0.000000
0.000000,0.488906,0.147616,0.082998,0.270969,0.009511,0.000000
0.000000,0.492187,0.151845,0.082894,0.270250,0.002823,0.000000
0.000000,0.491971,0.152630,0.082576,0.270804,0.002019,0.000000
0.000000,0.489372,0.152223,0.082100,0.271857,0.004447,0.000000
0.000000,0.488750,0.150580,0.082495,0.271694,0.006482,0.000000
0.000000,0.489860,0.147919,0.083204,0.271655,0.007362,0.000000
0.000000,0.491187,0.150020,0.083087,0.271030,0.004676,0.000000
0.000000,0.490919,0.152802,0.082365,0.271041,0.002872,0.000000
0.000000,0.490217,0.153770,0.082100,0.271573,0.002339,0.000000
0.000000,0.489594,0.150271,0.082655,0.272178,0.005303,0.000000
0.000000,0.488768,0.150397,0.082563,0.272659,0.005613,0.000000
0.000000,0.487724,0.150072,0.081935,0.273805,0.006464,0.000000
0.000000,0.483519,0.148048,0.081027,0.276387,0.011019,0.000000
0.000000,0.481278,0.146803,0.080548,0.277509,0.013862,0.000000
0.000000,0.485389,0.146151,0.082259,0.275170,0.011032,0.000000
0.000000,0.486012,0.148159,0.081912,0.274697,0.009219,0.000000
0.000000,0.484769,0.146934,0.081168,0.276045,0.011083,0.000000
0.000000,0.481408,0.144585,0.079920,0.278551,0.015536,0.000000
0.000000,0.481594,0.144908,0.079987,0.278193,0.015318,0.000000
0.000000,0.483573,0.147228,0.080694,0.276380,0.012126,0.000000
0.000000,0.484551,0.148506,0.080901,0.275513,0.010528,0.000000
0.000000,0.483709,0.150355,0.080028,0.275916,0.009992,0.000000
0.000000,0.485108,0.152583,0.080887,0.274125,0.007297,0.000000
0.000000,0.482996,0.149932,0.080525,0.275104,0.011443,0.000000
0.000000,0.485809,0.151572,0.081427,0.273474,0.007718,0.000000
0.000000,0.483191,0.149540,0.080770,0.275222,0.011278,0.000000
0.000000,0.481835,0.148650,0.080005,0.276502,0.013008,0.000000
0.000000,0.481337,0.147191,0.080172,0.277164,0.014137,0.000000
0.000000,0.480977,0.144655,0.079867,0.277949,0.016552,0.000000
0.000000,0.480227,0.144492,0.079262,0.278747,0.017272,0.000000
0.000000,0.480542,0.143955,0.078927,0.278980,0.017596,0.000000
0.000000,0.481607,0.143626,0.079299,0.278413,0.017056,0.000000
0.000000,0.484493,0.145855,0.080393,0.276129,0.013131,0.000000
0.000000,0.487505,0.148179,0.080342,0.275463,0.008511,0.000000
0.000000,0.484606,0.146592,0.079545,0.277179,0.012077,0.000000
0.000000,0.483299,0.146487,0.078765,0.277944,0.013505,0.000000
0.000000,0.482605,0.145828,0.078265,0.278986,0.014316,0.000000
0.000000,0.483423,0.145934,0.079384,0.277307,0.013952,0.000000
0.000000,0.480355,0.141853,0.079673,0.278248,0.019871,0.000000
0.000000,0.475830,0.138840,0.079277,0.280022,0.026031,0.000000
0.000000,0.478419,0.138245,0.079663,0.279236,0.024437,0.000000
0.000000,0.480775,0.139512,0.080375,0.277219,0.022119,0.000000
0.000000,0.482615,0.140127,0.081842,0.274818,0.020599,0.000000
0.000000,0.481885,0.148754,0.082324,0.272820,0.014217,0.000000
0.000000,0.483913,0.152475,0.082677,0.271463,0.009473,0.000000
0.000000,0.484762,0.152608,0.083659,0.270454,0.008517,0.000000
0.000000,0.485747,0.152527,0.084412,0.269395,0.007919,0.000000
0.000000,0.485213,0.152534,0.084487,0.269270,0.008496,0.000000
0.000000,0.485229,0.152892,0.085118,0.268461,0.008301,0.000000
0.000000,0.486014,0.152209,0.085568,0.267789,0.008420,0.000000
0.000000,0.483513,0.148871,0.085214,0.269280,0.013123,0.000000
0.000000,0.479303,0.147362,0.083959,0.271469,0.017906,0.000000
0.000000,0.479383,0.147337,0.084625,0.270585,0.018069,0.000000
0.000000,0.479425,0.145805,0.085018,0.270371,0.019381,0.000000
0.000000,0.478537,0.145028,0.085055,0.270449,0.020932,0.000000
0.000000,0.476865,0.142452,0.085604,0.270351,0.024728,0.000000
0.000000,0.477848,0.141547,0.086960,0.268678,0.024967,0.000000
0.000000,0.482296,0.143724,0.088071,0.266127,0.019783,0.000000
0.000000,0.479716,0.146842,0.086268,0.267718,0.019455,0.000000
0.000000,0.480782,0.144604,0.087357,0.266935,0.020322,0.000000
0.000000,0.480458,0.141695,0.088286,0.266121,0.023439,0.000000
0.000000,0.480556,0.139871,0.089272,0.264963,0.025338,0.000000
0.000000,0.482296,0.143636,0.088211,0.265091,0.020766,0.000000
0.000000,0.482905,0.142575,0.088381,0.265034,0.021105,0.000000
0.000000,0.481926,0.139094,0.088159,0.266183,0.024639,0.000000
0.000000,0.483314,0.142154,0.088580,0.264592,0.021361,0.000000
0.000000,0.480968,0.138280,0.088032,0.266318,0.026403,0.000000
0.000000,0.479206,0.139044,0.088168,0.266344,0.027237,0.000000
0.000000,0.476104,0.135061,0.087647,0.268221,0.032966,0.000000
0.000000,0.471006,0.133221,0.085881,0.271711,0.038182,0.000000
0.000000,0.466275,0.125040,0.083890,0.276993,0.047801,0.000000
0.000000,0.466537,0.130392,0.084433,0.274681,0.043958,0.000000
0.000000,0.466262,0.125315,0.084678,0.275736,0.048009,0.000000
0.000000,0.463374,0.125000,0.085802,0.275140,0.050684,0.000000
0.000000,0.469318,0.130492,0.086400,0.272430,0.041361,0.000000
0.000000,0.472900,0.134107,0.087413,0.269697,0.035883,0.000000
0.000000,0.463722,0.131662,0.084412,0.275301,0.044903,0.000000
0.000000,0.464419,0.131070,0.084431,0.275138,0.044942,0.000000
0.000000,0.456779,0.125825,0.081885,0.280500,0.055012,0.000000
0.000000,0.449722,0.122532,0.079346,0.285380,0.063020,0.000000
0.000000,0.449679,0.123092,0.078916,0.285913,0.062399,0.000000
0.000000,0.450440,0.127131,0.079592,0.283845,0.058993,0.000000
0.000000,0.452352,0.131667,0.080089,0.281787,0.054105,0.000000
0.000000,0.453285,0.131559,0.079777,0.282029,0.053350,0.000000
0.000000,0.455684,0.133186,0.080939,0.279527,0.050664,0.000000
0.000000,0.460430,0.136901,0.082376,0.276127,0.044166,0.000000
0.000000,0.465471,0.140875,0.083350,0.273102,0.037203,0.000000
0.000000,0.466337,0.142009,0.083157,0.272869,0.035627,0.000000
0.000000,0.466440,0.142378,0.082828,0.273200,0.035153,0.000000
0.000000,0.463268,0.138371,0.081953,0.275766,0.040641,0.000000
0.000000,0.461220,0.136080,0.082200,0.276229,0.044270,0.000000
0.000000,0.464342,0.139855,0.083323,0.273766,0.038714,0.000000
0.000000,0.462181,0.136578,0.083426,0.274360,0.043456,0.000000
0.000000,0.462160,0.134792,0.083348,0.275048,0.044652,0.000000
0.000000,0.461576,0.134928,0.083593,0.275029,0.044874,0.000000
0.000000,0.465957,0.135021,0.085226,0.272582,0.041215,0.000000
0.000000,0.464975,0.134144,0.085911,0.272232,0.042738,0.000000
0.000000,0.468460,0.135325,0.087146,0.270150,0.038919,0.000000
0.000000,0.469732,0.136406,0.087529,0.269139,0.037194,0.000000
0.000000,0.469485,0.132699,0.088622,0.268600,0.040595,0.000000
0.000000,0.470167,0.134237,0.089798,0.266736,0.039062,0.000000
0.000000,0.468853,0.131746,0.089794,0.267840,0.041768,0.000000
0.000000,0.465087,0.125393,0.088734,0.271539,0.049247,0.000000
0.000000,0.465788,0.128025,0.089077,0.270655,0.046454,0.000000
0.000000,0.467593,0.130688,0.088590,0.270753,0.042375,0.000000
0.000000,0.469830,0.131073,0.088795,0.270103,0.040200,0.000000
0.000000,0.470744,0.129206,0.088987,0.269966,0.041097,0.000000
0.000000,0.468478,0.129501,0.087908,0.271588,0.042524,0.000000
0.000000,0.463031,0.126799,0.085612,0.275734,0.048824,0.000000
0.000000,0.456257,0.124375,0.083284,0.279727,0.056357,0.000000
